6
0.49	53.38	13.40	18.29	0.00	85.56
0.71	55.11	16.23	13.52	0.00	85.56
0.39	50.91	12.50	16.92	4.83	85.56
0.49	55.24	12.91	16.91	0.00	85.56
0.43	48.01	19.86	17.26	0.00	85.56
0.72	52.49	13.46	18.88	0.00	85.56
0.16	51.90	20.32	13.17	0.00	85.56
0.03	48.34	28.78	8.41	0.00	85.56
0.00	48.64	12.47	16.04	8.41	85.56
0.49	23.23	47.83	9.39	4.63	85.56
0.53	26.06	28.14	9.72	21.11	85.56
0.23	25.16	24.22	8.72	27.24	85.56
0.30	26.27	34.82	9.40	14.78	85.56
0.15	26.36	33.48	8.48	17.09	85.56
0.60	28.16	23.58	25.47	7.75	85.56
0.22	24.54	25.96	24.60	10.25	85.56
0.29	26.83	30.48	24.12	3.84	85.56
0.13	24.91	35.51	21.27	3.73	85.56
0.01	0.25	1.01	69.65	14.65	85.56
0.04	2.13	12.20	47.11	24.08	85.56
0.34	8.10	18.64	45.54	12.94	85.56
0.10	4.16	29.92	21.87	29.52	85.56
0.15	2.99	15.58	6.07	60.77	85.56
0.00	0.00	15.55	5.82	64.19	85.56
0.12	5.26	32.70	9.02	38.47	85.56
0.25	5.96	58.24	9.54	11.58	85.56
0.16	3.43	19.87	12.25	49.85	85.56
0.04	2.59	15.86	14.99	52.08	85.56
9.29	17.22	27.23	20.40	11.42	85.56
42.83	9.70	14.32	14.52	4.19	85.56
