1
0.12	59.15	11.44	5.39	9.46	85.56
0.17	59.15	11.44	5.39	9.41	85.56
0.15	59.15	11.44	5.39	9.43	85.56
0.02	60.60	13.56	4.41	6.96	85.56
0.00	54.55	14.73	5.62	10.65	85.56
0.16	66.72	6.62	6.74	5.32	85.56
0.12	57.04	16.52	4.00	7.88	85.56
0.00	55.37	10.89	4.67	14.63	85.56
0.28	60.62	6.30	6.91	11.46	85.56
0.23	34.15	23.57	4.59	23.02	85.56
0.26	31.72	10.57	6.61	36.40	85.56
0.16	30.62	22.33	11.04	21.41	85.56
0.02	31.11	35.98	2.69	15.78	85.56
0.11	31.05	35.19	3.27	15.94	85.56
0.28	28.59	7.59	31.60	17.50	85.56
0.04	28.12	12.65	32.18	12.57	85.56
0.04	28.39	18.85	31.97	6.31	85.56
0.17	27.39	11.51	32.97	13.53	85.56
0.02	0.24	0.40	62.38	22.52	85.56
0.01	0.33	0.52	47.29	37.41	85.56
0.14	3.92	2.21	48.57	30.72	85.56
0.01	0.25	0.43	24.57	60.31	85.56
0.00	0.11	0.46	3.96	81.03	85.56
0.00	0.00	0.03	5.29	80.24	85.56
0.02	0.79	1.96	7.72	75.08	85.56
0.13	6.05	16.42	4.06	58.90	85.56
0.00	0.04	0.04	0.61	84.88	85.56
0.00	6.25	4.91	0.59	73.81	85.56
9.46	23.31	6.83	24.96	21.00	85.56
45.57	16.19	4.25	13.04	6.52	85.56
