19
0.11	48.57	22.82	14.07	0.00	85.56
0.12	49.54	29.06	1.69	5.15	85.56
0.11	49.59	18.14	17.73	0.00	85.56
0.36	54.12	20.34	6.03	4.71	85.56
0.40	53.23	24.15	3.13	4.64	85.56
0.43	55.14	21.28	5.71	3.00	85.56
0.69	58.50	9.16	5.94	11.28	85.56
1.24	56.53	6.49	2.21	19.08	85.56
0.67	56.18	8.29	5.70	14.72	85.56
0.52	30.86	33.90	2.90	17.39	85.56
0.46	30.21	24.46	4.89	25.54	85.56
0.09	26.17	45.30	3.63	10.37	85.56
0.25	28.41	41.95	3.53	11.43	85.56
0.47	29.25	30.59	3.76	21.49	85.56
0.33	25.75	17.93	28.62	12.93	85.56
0.09	24.29	23.12	31.52	6.55	85.56
0.17	25.62	24.32	28.91	6.55	85.56
0.32	25.51	14.29	32.29	13.16	85.56
0.07	4.53	5.84	62.80	12.31	85.56
0.09	4.59	14.36	46.50	20.02	85.56
0.13	7.93	10.61	45.82	21.07	85.56
0.14	7.15	28.76	24.18	25.34	85.56
0.08	2.54	62.02	1.72	19.20	85.56
0.00	0.00	44.28	3.09	38.19	85.56
0.13	4.96	55.37	5.08	20.01	85.56
0.23	6.69	65.07	4.67	8.91	85.56
0.00	0.15	12.67	0.15	72.58	85.56
0.04	2.38	31.58	0.14	51.41	85.56
8.97	37.18	16.15	7.91	15.35	85.56
37.60	28.08	10.28	6.27	3.33	85.56
