12
0.067407576	56.71633305	15.20481919	13.57394018	0	85.5625
0.120863	58.26301431	10.73661932	12.80040669	3.641596678	85.5625
0.14468763	61.83157103	8.829599322	14.75664202	0	85.5625
0	47.70631306	2.395612535	12.55937713	22.90119728	85.5625
0.0540167	49.63403619	3.169866979	9.003485188	23.70109495	85.5625
0.522705	55.29313994	8.154396609	12.64935465	8.942903804	85.5625
0.760178	55.29313994	8.154396609	12.64935465	8.705430804	85.5625
0.987338	55.29313994	8.154396609	12.64935465	8.478270804	85.5625
0.394584	55.29313994	8.154396609	12.64935465	9.071024804	85.5625
0.0613448	25.91730906	31.58176682	4.16703065	23.83504867	85.5625
0	27.19535613	20.42129805	8.789578938	29.15626689	85.5625
0.0720382	25.36885344	36.46435094	3.443488481	20.21376894	85.5625
0.0512159	23.09194975	24.3618959	4.944477194	33.11296126	85.5625
0.127835	25.39336709	28.20732793	5.336143816	26.49782616	85.5625
0.0137185	27.74885994	11.35564535	19.19047088	27.25380533	85.5625
0.0335299	25.92851775	27.02801804	23.44455281	9.127881495	85.5625
0.0646354	25.14467969	8.777933555	20.62774975	30.94750161	85.5625
0.0301301	26.27401913	15.72053232	21.08759115	22.45022731	85.5625
0.00260179	1.691476506	1.040042558	64.93192669	17.89645246	85.5625
0.0154554	3.137970463	10.76491114	43.83067406	27.81348893	85.5625
0	3.172640388	6.021503899	45.49075769	30.87759803	85.5625
0.0194528	4.550735681	24.27846117	21.02629988	35.68755047	85.5625
0.0287465	4.780830356	48.80589545	1.053599513	30.89342818	85.5625
0	0	37.85950357	6.675492131	41.0275043	85.5625
0.0176522	6.028211819	43.34204257	6.735514225	29.43907919	85.5625
0.021273	7.057588588	41.73402938	6.5642181	30.18539093	85.5625
0.00820146	0.188197286	15.14120812	0.13855649	70.08633665	85.5625
0.0208979	0.583785237	28.32889605	0.040332794	56.58858802	85.5625
8.57045	12.85824694	40.18351782	6.736275731	17.21400951	85.5625
42.4765	6.858501763	22.92809861	4.806601781	8.492797845	85.5625
