8					
0.89	56.89	12.00	9.11	6.67	85.56
0.86	60.98	11.22	11.30	1.20	85.56
0.66	55.52	8.67	7.49	13.23	85.56
0.76	55.21	13.34	14.41	1.84	85.56
0.58	55.71	13.45	14.90	0.92	85.56
1.01	60.49	10.67	8.99	4.40	85.56
0.62	56.36	11.20	15.50	1.88	85.56
0.32	52.83	16.24	15.63	0.55	85.56
0.78	57.57	10.44	13.39	3.38	85.56
0.55	29.33	15.61	6.91	33.16	85.56
0.72	32.66	13.34	6.50	32.34	85.56
0.64	31.61	20.43	8.16	24.73	85.56
0.64	31.98	19.35	7.12	26.47	85.56
0.58	32.43	14.65	7.11	30.80	85.56
0.50	29.53	13.97	36.27	5.29	85.56
0.36	28.03	20.55	31.36	5.26	85.56
0.49	28.64	17.60	33.91	4.92	85.56
0.45	29.55	11.07	36.07	8.42	85.56
0.23	4.06	8.79	63.08	9.40	85.56
0.25	6.51	12.22	48.23	18.34	85.56
0.49	8.20	12.65	47.44	16.77	85.56
0.40	8.42	17.02	24.86	34.87	85.56
0.00	5.95	44.90	11.29	23.42	85.56
0.00	0.00	9.51	9.60	66.45	85.56
0.46	8.84	15.96	7.91	52.39	85.56
0.54	10.35	16.17	7.45	51.05	85.56
0.00	0.00	1.00	1.20	83.37	85.56
3.51	19.11	3.26	0.82	58.87	85.56
8.99	39.80	11.85	19.94	4.98	85.56
34.20	26.44	8.25	16.67	0.00	85.56
