18
0.54	61.35	4.07	5.76	13.84	85.56
0.35	62.05	3.76	5.17	14.24	85.56
0.39	58.50	1.49	12.73	12.46	85.56
0.38	62.25	2.84	9.89	10.20	85.56
0.34	64.68	2.47	5.22	12.86	85.56
0.33	64.32	3.22	11.76	5.93	85.56
0.48	62.43	2.54	8.77	11.34	85.56
0.56	64.76	3.43	4.41	12.41	85.56
0.42	58.73	1.80	17.78	6.84	85.56
0.21	33.22	5.35	5.16	41.63	85.56
0.39	32.18	4.47	6.52	42.01	85.56
0.19	30.75	16.15	4.85	33.61	85.56
0.28	31.08	8.36	5.25	40.60	85.56
0.28	30.97	4.87	6.28	43.15	85.56
0.13	29.94	2.34	29.76	23.39	85.56
0.05	28.42	5.21	24.63	27.25	85.56
0.06	27.83	4.29	29.35	24.03	85.56
0.09	28.24	3.46	28.18	25.59	85.56
0.01	3.44	1.33	63.25	17.53	85.56
0.02	5.62	4.01	46.64	29.27	85.56
0.03	5.43	2.45	48.34	29.31	85.56
0.03	8.26	5.97	24.27	47.04	85.56
0.04	5.29	27.53	3.64	49.06	85.56
0.00	0.00	7.73	4.77	73.05	85.56
0.10	5.78	9.78	7.27	62.62	85.56
0.14	9.76	7.17	7.13	61.37	85.56
0.01	3.63	5.73	0.31	75.88	85.56
0.04	13.86	20.03	0.14	51.50	85.56
8.66	55.18	3.85	5.05	12.82	85.56
39.62	37.16	2.67	4.52	1.59	85.56
