23
0.05	47.70	0.31	37.51	0.00	85.56
0.00	46.20	0.29	39.08	0.00	85.56
0.43	44.94	0.24	39.95	0.00	85.56
0.13	47.51	1.02	36.91	0.00	85.56
0.16	51.09	1.42	32.90	0.00	85.56
0.16	51.56	0.88	32.96	0.00	85.56
0.23	50.86	1.80	32.67	0.00	85.56
0.50	53.61	0.79	24.19	6.46	85.56
0.41	53.03	0.91	31.20	0.00	85.56
0.39	33.63	2.28	8.86	40.40	85.56
0.42	34.60	6.13	8.44	35.98	85.56
0.15	29.73	6.89	9.39	39.40	85.56
0.13	29.50	2.09	8.29	45.56	85.56
0.53	33.01	5.17	8.78	38.08	85.56
0.16	30.74	1.15	45.68	7.84	85.56
0.05	26.22	1.93	48.93	8.43	85.56
0.07	28.94	1.07	48.35	7.13	85.56
0.11	28.17	1.34	52.90	3.04	85.56
0.01	7.28	0.14	66.84	11.29	85.56
0.02	6.62	0.50	51.12	27.30	85.56
0.03	11.14	0.61	51.43	22.34	85.56
0.08	6.60	4.43	24.67	49.79	85.56
0.00	5.42	1.96	20.19	57.98	85.56
0.00	0.00	11.47	6.01	68.08	85.56
0.30	6.21	5.59	7.11	66.36	85.56
0.16	10.57	14.84	8.80	51.19	85.56
0.00	19.38	1.97	30.33	33.88	85.56
0.00	14.98	1.68	49.17	19.73	85.56
9.43	41.58	1.31	23.41	9.83	85.56
35.88	36.88	0.75	12.05	0.00	85.56
