20
0.11	50.22	1.59	14.55	19.09	85.56
0.12	49.54	29.06	1.69	5.15	85.56
0.10	49.59	18.14	17.73	0.00	85.56
0.36	54.12	1.59	6.03	23.46	85.56
0.40	53.23	24.15	3.13	4.65	85.56
0.43	55.14	21.28	5.71	3.00	85.56
0.64	52.22	0.71	32.00	0.00	85.56
1.24	56.53	6.49	2.21	19.09	85.56
0.65	53.06	0.86	30.00	0.99	85.56
0.52	30.86	33.90	2.90	17.38	85.56
1.19	26.47	2.04	6.56	49.30	85.56
0.09	26.17	45.30	3.63	10.37	85.56
0.25	28.41	41.95	3.53	11.43	85.56
1.56	26.82	6.16	4.91	46.11	85.56
0.66	25.24	0.55	46.14	12.98	85.56
0.09	24.29	23.12	31.52	6.55	85.56
0.17	25.62	24.32	28.91	6.55	85.56
0.35	25.34	1.50	47.71	10.67	85.56
0.15	3.37	0.22	63.33	18.49	85.56
0.32	4.29	1.95	49.03	29.97	85.56
0.28	4.59	0.22	51.07	29.40	85.56
0.68	5.53	2.08	25.03	52.24	85.56
0.08	2.54	62.02	1.72	19.20	85.56
0.00	0.00	2.24	4.53	78.80	85.56
0.96	5.52	2.66	5.83	70.60	85.56
0.23	6.69	65.07	4.67	8.91	85.56
0.00	0.15	12.67	0.15	72.59	85.56
0.04	2.38	31.58	0.14	51.42	85.56
10.11	11.29	0.72	31.39	32.05	85.56
47.09	5.12	0.34	19.10	13.91	85.56
