21
0.11	55.45	1.15	19.80	9.04	85.56
0.12	55.45	1.15	19.80	9.04	85.56
0.11	55.45	1.15	19.80	9.04	85.56
0.90	58.48	2.27	10.77	13.14	85.56
0.00	51.08	1.83	32.65	0.00	85.56
0.50	69.87	1.67	5.02	8.50	85.56
1.24	49.89	0.42	15.91	18.10	85.56
0.00	49.75	0.00	34.00	1.81	85.56
1.05	51.84	0.65	19.31	12.71	85.56
0.00	19.13	2.11	6.85	57.48	85.56
1.36	28.82	0.96	5.51	48.91	85.56
0.00	26.57	2.63	6.23	50.13	85.56
0.66	29.55	4.51	5.86	44.98	85.56
0.91	28.79	2.93	6.71	46.22	85.56
0.91	26.64	0.54	38.91	18.56	85.56
0.00	26.19	1.82	36.25	21.30	85.56
0.45	25.47	2.94	32.24	24.45	85.56
0.49	26.47	1.98	37.60	19.03	85.56
0.16	4.47	0.39	63.16	17.39	85.56
0.11	6.06	0.97	49.04	29.38	85.56
0.55	6.20	0.35	49.06	29.41	85.56
0.41	8.08	1.36	25.06	50.66	85.56
0.00	8.08	1.36	2.00	74.12	85.56
0.00	0.00	0.00	4.36	81.21	85.56
0.69	8.03	2.18	6.92	67.74	85.56
0.00	7.16	2.54	11.98	63.88	85.56
0.00	0.00	0.00	0.00	85.56	85.56
0.00	0.00	0.00	0.00	85.56	85.56
9.51	27.84	2.16	21.61	24.43	85.56
43.94	17.81	0.61	19.58	3.61	85.56
