3
0.11	54.59	9.34	21.53	0.00	85.56
0.15	59.97	7.73	17.72	0.00	85.56
0.12	50.21	9.38	25.85	0.00	85.56
0.18	55.11	15.30	14.98	0.00	85.56
0.29	55.72	13.07	16.47	0.00	85.56
0.42	55.22	12.16	14.66	3.10	85.56
0.23	62.25	8.54	5.73	8.82	85.56
0.10	56.42	8.74	10.48	9.83	85.56
0.65	55.01	9.46	14.94	5.50	85.56
0.52	29.33	17.48	6.59	31.65	85.56
0.21	28.51	25.96	6.67	24.21	85.56
0.18	27.78	25.09	4.41	28.10	85.56
0.20	28.32	31.77	5.30	19.96	85.56
0.21	27.09	28.67	4.45	25.13	85.56
0.08	27.86	22.32	32.31	3.00	85.56
0.04	27.34	17.71	37.50	2.98	85.56
0.15	27.45	19.43	28.82	9.72	85.56
0.17	25.82	21.19	24.05	14.33	85.56
0.00	5.50	5.36	67.72	6.98	85.56
0.02	6.90	11.39	43.46	23.79	85.56
0.03	9.41	17.46	42.94	15.72	85.56
0.02	5.35	24.57	24.41	31.22	85.56
0.03	4.26	40.69	2.35	38.23	85.56
0.00	0.00	17.74	5.84	61.99	85.56
0.05	5.76	39.98	7.16	32.61	85.56
0.24	8.29	17.27	9.26	50.50	85.56
0.02	1.04	24.26	0.71	59.53	85.56
0.02	3.00	38.62	0.26	43.66	85.56
9.15	32.76	18.70	11.15	13.80	85.56
42.71	17.18	16.32	8.27	1.08	85.56

