17
0.19	60.02	13.14	2.07	10.14	85.56
0.28	61.48	17.01	2.25	4.53	85.56
0.62	51.24	20.33	1.75	11.62	85.56
0.50	62.89	9.70	2.88	9.61	85.56
0.60	66.52	10.67	2.90	4.88	85.56
0.32	67.34	10.23	3.23	4.44	85.56
0.81	63.76	10.90	3.33	6.77	85.56
1.02	65.70	11.60	3.91	3.33	85.56
1.45	64.18	7.97	6.03	5.94	85.56
0.44	29.19	31.64	1.78	22.51	85.56
0.77	28.57	23.79	3.25	29.19	85.56
0.12	28.49	29.27	1.90	25.79	85.56
0.32	28.88	25.74	1.40	29.22	85.56
0.40	30.29	27.63	2.05	25.19	85.56
0.62	30.98	13.95	32.45	7.56	85.56
0.00	33.79	6.39	14.97	30.41	85.56
0.14	27.64	30.96	26.83	0.00	85.56
0.74	28.03	24.92	31.57	0.30	85.56
0.30	2.92	11.81	61.73	8.80	85.56
0.16	4.80	15.74	46.50	18.36	85.56
0.56	4.88	12.95	47.59	19.58	85.56
0.52	6.00	26.24	24.58	28.24	85.56
0.19	6.23	40.39	1.19	37.56	85.56
0.00	0.00	34.63	2.22	48.71	85.56
0.63	6.67	21.93	4.27	52.06	85.56
0.94	4.12	16.05	3.04	61.41	85.56
0.05	1.05	6.38	0.03	78.05	85.56
0.06	2.71	14.82	0.05	67.92	85.56
8.92	23.52	17.40	2.33	33.39	85.56
40.16	16.40	11.07	0.92	17.00	85.56
