11
0.34463032	64.33568963	17.95312553	2.929054521	0	85.5625
0.200952672	67.97605712	13.50594123	3.879548974	0	85.5625
0.160806877	62.89893758	18.12823804	4.374517498	0	85.5625
0.348132022	68.65315781	14.00249841	2.558711766	0	85.5625
0.432060498	72.88492472	9.525951601	2.719563181	0	85.5625
0.523016649	68.21091556	12.31996117	4.508606621	0	85.5625
1.78989	63.39950231	0.614112696	1.996455481	17.76253951	85.5625
1.09285	65.90742475	3.405303623	1.772367294	13.38455433	85.5625
0.765957	67.59018244	3.694725814	3.07018785	10.4414469	85.5625
0.447352	30.30769206	32.03099349	2.267637269	20.50882518	85.5625
0.280689	30.354837	44.7207709	3.85394035	6.352262754	85.5625
0.236996	30.5115875	44.2074739	2.555905888	8.050536709	85.5625
0.374051	30.20980856	41.68293836	2.117671875	11.1780302	85.5625
1.67897	30.47505231	11.7687174	2.6524375	38.98732279	85.5625
0.541525	28.81796338	25.09134035	21.4720805	9.639590771	85.5625
0.142128377	30.0528525	31.05334354	24.31417558	0	85.5625
0.0764996	29.92000838	28.57307524	23.28519266	3.70772413	85.5625
0.0301301	29.92000838	28.57307524	23.28519266	3.75409363	85.5625
0	0	0	63.31625	22.24625	85.5625
0.0419424	0.189875166	4.0904629	43.95773438	37.28248516	85.5625
0.440136	2.347458525	5.152158374	41.83056506	35.79218204	85.5625
0.329312	3.448399769	22.61399949	21.93300569	37.23778305	85.5625
0.310156	4.534230675	49.9927494	1.666338244	29.05902568	85.5625
0	0	5.362060343	2.39575	77.80468966	85.5625
0.351732	4.468116531	42.3508089	5.100585975	33.2912566	85.5625
0.610739	7.539237013	27.15637799	4.033664381	46.22248162	85.5625
0.0101831	0.088162744	4.505271465	0.003657463	80.95522523	85.5625
0.0338665	1.021196994	11.46544286	0.021646371	73.02034728	85.5625
8.62585	30.72121563	14.89079938	2.391206631	28.93342837	85.5625
38.2555	14.67388319	13.2509308	2.734278031	16.64790798	85.5625
