24
0.12	58.07	10.28	4.80	12.29	85.56
0.11	58.07	10.28	4.80	12.31	85.56
0.38	58.07	10.28	4.80	12.04	85.56
0.00	60.72	13.89	7.08	3.88	85.56
0.01	58.23	9.15	6.39	11.78	85.56
0.11	57.50	11.16	5.65	11.14	85.56
0.00	58.98	10.83	5.43	10.33	85.56
0.01	53.02	11.12	3.01	18.41	85.56
0.00	59.96	5.54	1.24	18.83	85.56
0.01	28.28	22.26	3.08	31.93	85.56
0.24	25.34	22.59	3.56	33.83	85.56
0.19	27.68	27.65	3.68	26.36	85.56
0.01	28.82	34.45	4.56	17.72	85.56
0.02	28.30	31.29	3.51	22.44	85.56
0.66	19.27	19.43	17.45	28.75	85.56
0.06	24.44	24.49	21.23	15.33	85.56
0.00	27.68	24.77	22.30	10.82	85.56
0.00	26.38	29.29	23.94	5.96	85.56
0.01	0.11	3.50	64.39	17.55	85.56
0.02	0.78	11.10	47.52	26.14	85.56
0.31	1.33	7.80	48.49	27.64	85.56
0.02	1.79	21.39	20.25	42.12	85.56
0.00	0.24	35.49	2.03	47.80	85.56
0.00	0.00	15.20	6.62	63.73	85.56
0.01	1.33	33.69	6.37	44.15	85.56
0.05	6.12	37.87	5.45	36.08	85.56
0.00	0.00	13.33	0.13	72.09	85.56
0.00	0.01	53.97	0.11	31.47	85.56
10.57	5.11	26.08	14.12	29.68	85.56
43.66	2.36	14.07	11.64	13.83	85.56
