4
0.09	44.67	18.28	22.52	0.00	85.56
0.12	53.40	13.60	18.43	0.00	85.56
0.05	46.20	15.54	23.77	0.00	85.56
0.15	52.50	12.64	20.27	0.00	85.56
0.23	54.85	11.72	18.77	0.00	85.56
0.15	50.10	15.15	20.17	0.00	85.56
0.25	44.38	22.79	18.15	0.00	85.56
0.32	45.39	20.25	19.60	0.00	85.56
0.13	45.28	22.70	17.45	0.00	85.56
0.15	30.78	20.65	11.00	22.99	85.56
0.62	34.13	32.60	9.56	8.65	85.56
0.10	31.71	26.19	9.69	17.88	85.56
0.21	33.83	29.47	10.06	12.00	85.56
0.77	32.75	36.33	6.03	9.68	85.56
0.14	27.76	29.05	28.60	0.00	85.56
0.05	28.67	27.71	29.14	0.00	85.56
0.19	30.20	26.22	28.95	0.00	85.56
0.16	23.53	34.10	27.77	0.00	85.56
0.03	1.37	10.68	69.62	3.87	85.56
0.05	4.79	20.69	49.80	10.23	85.56
0.11	6.16	27.87	49.41	2.01	85.56
0.10	7.73	28.98	27.04	21.71	85.56
0.00	0.61	15.43	13.24	56.28	85.56
0.00	0.00	26.03	5.29	54.24	85.56
0.21	7.16	32.57	7.11	38.52	85.56
0.34	11.46	47.76	10.83	15.16	85.56
0.00	0.12	14.03	15.79	55.62	85.56
0.00	24.80	39.04	15.34	6.38	85.56
9.16	21.97	25.10	28.20	1.13	85.56
33.49	14.83	18.64	18.61	0.00	85.56
