5
0.33	45.97	18.76	20.50	0.00	85.56
0.21	53.65	13.92	17.78	0.00	85.56
0.33	38.27	17.55	29.41	0.00	85.56
0.31	59.89	11.19	6.23	7.94	85.56
0.64	58.74	13.50	12.69	0.00	85.56
0.19	54.93	13.63	11.26	5.55	85.56
0.43	59.74	11.68	7.69	6.02	85.56
0.34	54.81	10.13	6.92	13.36	85.56
0.37	57.34	13.39	5.31	9.14	85.56
0.24	25.64	43.01	8.82	7.86	85.56
0.27	26.88	25.39	6.11	26.92	85.56
0.32	23.45	30.24	8.52	23.03	85.56
0.19	28.52	27.97	5.97	22.91	85.56
0.38	27.78	28.18	5.03	24.20	85.56
0.24	25.53	28.01	29.86	1.92	85.56
0.20	22.68	33.44	29.25	0.00	85.56
0.22	25.66	28.18	25.24	6.26	85.56
0.34	26.49	26.92	24.93	6.88	85.56
0.01	0.70	4.23	68.45	12.17	85.56
0.09	2.94	20.19	46.69	15.66	85.56
0.11	4.90	22.25	47.24	11.06	85.56
0.15	3.33	34.93	23.06	24.08	85.56
0.09	1.25	40.74	3.67	39.81	85.56
0.00	0.00	23.76	6.22	55.59	85.56
0.15	4.33	34.78	7.40	38.91	85.56
0.12	4.25	62.07	9.89	9.23	85.56
0.04	0.45	9.40	0.55	75.12	85.56
0.06	0.46	40.81	0.85	43.39	85.56
8.85	13.42	27.07	14.64	21.59	85.56
40.81	8.79	17.44	8.96	9.57	85.56
