16
0.47	54.46	16.45	14.17	0.00	85.56
0.29	58.48	17.01	9.21	0.57	85.56
0.00	54.77	20.40	10.39	0.00	85.56
0.05	56.10	18.97	10.00	0.44	85.56
0.08	60.31	12.40	4.63	8.14	85.56
0.20	58.69	18.69	7.05	0.93	85.56
0.08	57.81	15.12	8.90	3.65	85.56
1.19	58.26	16.95	9.17	0.00	85.56
0.22	59.56	14.56	7.47	3.75	85.56
0.37	26.65	20.91	3.34	34.30	85.56
0.57	30.15	25.63	4.35	24.86	85.56
0.38	27.59	37.10	5.23	15.26	85.56
0.09	31.61	24.30	5.58	23.99	85.56
0.26	31.70	18.20	6.00	29.40	85.56
0.43	28.14	16.40	31.94	8.67	85.56
0.38	27.38	23.13	30.67	4.01	85.56
0.07	28.35	14.72	31.40	11.03	85.56
0.36	29.91	12.83	31.58	10.89	85.56
0.03	0.72	0.63	62.13	22.06	85.56
0.03	0.82	1.01	46.51	37.19	85.56
0.44	3.49	5.89	48.82	26.93	85.56
0.02	0.67	1.32	23.34	60.21	85.56
0.02	0.47	6.31	2.16	76.60	85.56
0.00	0.00	0.03	5.03	80.50	85.56
0.05	1.54	5.02	7.06	71.89	85.56
0.38	9.85	36.83	5.19	33.31	85.56
0.00	0.10	0.78	0.78	83.91	85.56
0.11	5.60	35.28	1.95	42.63	85.56
9.02	23.42	14.23	20.20	18.69	85.56
34.73	20.14	11.12	15.57	4.00	85.56
