22
0.25	48.67	0.95	20.47	15.22	85.56
0.13	47.69	1.48	25.05	11.21	85.56
0.37	49.89	0.38	17.21	17.72	85.56
0.33	48.93	2.12	11.65	22.52	85.56
0.21	54.68	0.89	12.49	17.31	85.56
0.39	52.44	1.07	16.32	15.34	85.56
0.29	49.97	0.97	9.89	24.44	85.56
0.92	57.31	1.60	8.98	16.75	85.56
0.78	61.73	0.71	12.87	9.46	85.56
0.87	31.70	1.84	6.51	44.63	85.56
0.55	33.88	0.97	8.02	42.14	85.56
0.21	34.81	2.02	8.33	40.19	85.56
0.42	31.62	2.92	6.86	43.74	85.56
0.34	35.50	1.97	5.84	41.91	85.56
0.24	29.79	0.78	33.61	21.14	85.56
0.10	28.56	0.43	43.73	12.74	85.56
0.15	25.89	1.81	38.33	19.38	85.56
0.16	28.19	1.68	38.15	17.38	85.56
0.01	5.96	0.53	65.16	13.90	85.56
0.04	5.32	1.76	48.37	30.07	85.56
0.07	7.72	0.67	47.50	29.60	85.56
0.15	6.73	2.55	25.49	50.65	85.56
0.17	4.18	2.04	9.37	69.80	85.56
0.00	0.00	2.29	4.69	78.58	85.56
0.39	8.34	2.54	7.76	66.53	85.56
0.22	7.47	2.38	6.31	69.19	85.56
0.59	13.02	0.42	5.13	66.40	85.56
0.05	16.94	2.25	17.63	48.70	85.56
8.52	32.98	1.80	16.24	26.02	85.56
41.04	26.52	1.41	11.51	5.08	85.56
