14					
0.075589323	52.79874527	25.94003564	6.748129766	0	85.5625
0.063330628	50.33943733	29.28612876	5.873603279	0	85.5625
0	52.55472236	27.10854619	5.899231452	0	85.5625
0.107722931	58.81465179	21.2721586	5.367966671	0	85.5625
0.020372445	61.08212885	19.59749762	4.862501091	0	85.5625
0.036792798	58.18255706	20.25024009	7.092910055	0	85.5625
0.190993956	55.21530454	24.05161766	6.104583852	0	85.5625
0.058810674	61.65977517	14.88821833	8.95569582	0	85.5625
0	56.0119505	20.60711627	7.807578125	1.135855106	85.5625
0.0663394	26.76822813	43.99153809	6.642465006	8.09392938	85.5625
0.191677	28.48127494	34.2714302	8.1484249	14.46969296	85.5625
0.0972553	25.75482588	40.55069948	6.925334631	12.23438471	85.5625
0.172905	27.46984063	41.51446497	6.335543763	10.06974564	85.5625
0.250091	26.18742988	40.17153555	8.465587975	10.4878556	85.5625
0.0880273	25.07126706	27.08476233	19.679375	13.63906831	85.5625
0.022096616	20.81238589	42.68805855	22.03995895	0	85.5625
0.087778664	23.22272128	41.63432463	20.61767544	0	85.5625
0.028276293	22.57806379	42.83313073	20.12302918	0	85.5625
0.0102446	0.947861375	11.86689855	63.18713619	9.550359285	85.5625
0.0197095	3.3688352	29.29284004	40.54661419	12.33450107	85.5625
0.0660204	5.216728513	22.71632943	42.96461044	14.59881122	85.5625
0.0411126	4.615814519	41.12305357	22.61468213	17.16783718	85.5625
0.0425484	1.716358081	54.07390621	1.420072256	28.30961505	85.5625
0	0	12.95613361	4.298814013	68.30755238	85.5625
0.0472727	3.308274063	32.98218002	6.759120919	42.4656523	85.5625
0.0365652	6.458163381	48.21589053	7.052685856	23.79919504	85.5625
0.00421884	0.179338144	38.34369531	0.148259278	46.88698843	85.5625
0.010434	0.710841271	50.4920114	0.115756651	34.23345668	85.5625
8.84253	10.77916375	35.20733737	10.05898419	20.6744847	85.5625
41.8337	8.578752938	22.57344236	7.050683694	5.525921012	85.5625
