15
0.02	61.88	17.80	4.22	1.64	85.56
0.29	60.47	18.55	2.82	3.43	85.56
0.00	60.47	18.55	2.82	3.72	85.56
0.03	60.86	16.32	3.85	4.51	85.56
0.79	58.79	17.89	1.80	6.29	85.56
0.20	60.47	18.55	2.82	3.52	85.56
1.39	60.27	21.26	1.70	0.94	85.56
1.19	60.54	19.48	2.53	1.82	85.56
0.22	60.47	18.55	2.82	3.50	85.56
0.70	25.76	49.05	1.87	8.19	85.56
0.18	23.69	21.14	6.85	33.71	85.56
0.07	26.18	36.07	3.05	20.20	85.56
0.07	27.15	30.68	3.15	24.51	85.56
0.86	28.18	40.83	1.69	14.01	85.56
0.43	22.93	28.82	25.76	7.62	85.56
0.10	24.98	32.84	20.13	7.52	85.56
0.06	26.69	21.94	20.37	16.50	85.56
0.00	17.11	31.67	36.78	0.00	85.56
0.03	1.00	1.00	75.00	8.54	85.56
0.19	3.27	18.66	43.17	20.26	85.56
0.02	3.27	18.66	43.17	20.44	85.56
0.12	5.80	29.63	21.81	28.19	85.56
0.04	2.90	66.85	1.44	14.33	85.56
0.00	0.00	24.17	5.10	56.29	85.56
0.12	7.43	44.82	4.06	29.13	85.56
0.34	9.53	48.97	3.25	23.47	85.56
0.03	0.87	43.49	0.19	40.98	85.56
0.03	1.07	56.48	0.13	27.86	85.56
9.56	27.91	39.22	2.65	6.22	85.56
31.47	32.51	19.08	2.51	0.00	85.56
