10
0.24	53.72	16.56	4.56	10.48	85.56
0.22	57.44	20.26	4.91	2.73	85.56
0.39	57.17	5.40	22.60	0.00	85.56
0.27	56.38	8.89	3.15	16.86	85.56
0.24	57.35	7.55	4.17	16.25	85.56
0.27	54.27	7.59	6.59	16.84	85.56
0.59	52.30	2.56	6.48	23.63	85.56
0.72	55.78	0.49	4.28	24.29	85.56
0.31	56.29	4.48	5.97	18.51	85.56
0.22	27.56	17.01	4.17	36.61	85.56
0.28	28.98	10.10	4.74	41.46	85.56
0.07	26.71	29.42	2.53	26.84	85.56
0.23	29.10	16.17	2.70	37.36	85.56
0.58	35.40	3.48	4.07	42.04	85.56
0.17	27.48	4.80	27.69	25.43	85.56
0.09	28.07	12.58	26.77	18.06	85.56
0.31	26.54	7.73	24.61	26.37	85.56
0.31	31.43	6.41	25.05	22.36	85.56
0.10	2.88	1.75	62.88	17.95	85.56
0.20	4.90	4.44	46.31	29.71	85.56
0.19	5.10	2.53	47.63	30.11	85.56
0.15	6.61	5.48	21.99	51.33	85.56
0.08	7.66	28.91	1.75	47.16	85.56
0.00	0.00	3.37	4.11	78.08	85.56
0.14	8.66	13.35	5.73	57.68	85.56
0.12	8.45	12.15	6.36	58.47	85.56
0.21	10.14	33.57	1.50	40.15	85.56
0.12	18.95	25.00	0.28	41.21	85.56
9.49	29.86	9.43	11.35	25.44	85.56
37.90	20.36	6.42	9.69	11.20	85.56
