9
0.31	61.95	14.62	6.98	1.70	85.56
0.26	54.02	10.76	9.98	10.54	85.56
0.48	60.33	13.48	7.75	3.52	85.56
0.25	60.18	12.43	9.17	3.54	85.56
0.52	59.59	20.17	5.28	0.00	85.56
0.25	54.19	8.88	12.23	10.00	85.56
0.20	53.69	11.69	13.67	6.31	85.56
0.00	51.82	17.55	3.42	12.77	85.56
0.33	50.06	12.04	13.24	9.90	85.56
0.48	31.93	14.09	7.70	31.35	85.56
0.38	34.03	12.79	6.30	32.07	85.56
0.68	35.54	12.11	5.76	31.47	85.56
0.33	32.03	13.63	6.66	32.92	85.56
0.21	31.46	14.35	6.27	33.27	85.56
0.34	30.96	12.21	32.27	9.79	85.56
1.10	35.26	7.33	27.38	14.48	85.56
0.14	28.87	10.46	34.32	11.77	85.56
0.23	28.46	12.72	33.89	10.26	85.56
0.14	4.12	3.47	62.33	15.51	85.56
0.08	7.70	5.92	48.56	23.30	85.56
0.22	8.30	7.89	47.31	21.85	85.56
0.16	10.21	9.04	25.18	40.97	85.56
0.39	2.28	18.92	4.89	59.08	85.56
0.00	0.00	19.92	4.62	61.02	85.56
0.38	8.83	13.78	6.85	55.72	85.56
0.00	7.58	18.57	12.41	47.00	85.56
0.73	16.71	0.00	6.63	61.50	85.56
0.00	45.92	9.19	3.71	26.74	85.56
8.98	42.40	10.86	14.23	9.09	85.56
37.33	26.33	8.06	10.15	3.69	85.56
