2
0.05	18.97	26.01	4.49	36.04	85.56
0.17	39.07	14.68	4.25	27.40	85.56
0.15	39.07	14.68	4.25	27.42	85.56
0.07	42.76	18.06	3.61	21.06	85.56
0.04	41.90	18.38	1.64	23.61	85.56
0.04	41.63	17.00	3.64	23.26	85.56
0.22	42.78	8.51	7.06	27.00	85.56
0.27	42.68	10.34	3.62	28.66	85.56
0.21	42.75	4.46	5.67	32.46	85.56
0.29	24.99	34.14	3.32	22.83	85.56
0.35	25.65	19.75	6.66	33.15	85.56
0.09	21.52	53.57	2.42	7.96	85.56
0.06	25.67	44.46	2.65	12.72	85.56
0.26	25.65	29.47	5.71	24.46	85.56
0.28	25.62	11.10	30.70	17.86	85.56
0.00	19.87	20.31	23.42	21.96	85.56
0.18	25.63	22.47	25.70	11.58	85.56
0.24	25.66	12.30	31.10	16.27	85.56
0.13	17.09	1.54	63.25	3.54	85.56
0.14	17.11	3.55	47.45	17.30	85.56
0.17	17.11	3.88	47.43	16.98	85.56
0.11	17.11	8.66	24.18	35.51	85.56
0.05	17.10	50.01	2.48	15.92	85.56
0.00	0.00	0.16	4.65	80.74	85.56
0.13	17.11	38.15	6.43	23.74	85.56
0.18	16.04	45.84	3.73	19.77	85.56
0.04	60.23	24.73	0.57	0.00	85.56
0.04	52.05	33.35	0.12	0.00	85.56
6.48	57.13	7.80	14.16	0.00	85.56
27.10	45.75	3.40	9.31	0.00	85.56
