13					
0.180886	60.85504469	10.72798643	13.53128156	0.267301322	85.5625
0.357235	64.97556356	6.293042894	7.869585269	6.067073275	85.5625
0.315345	60.25730506	3.220586026	16.14110894	5.628154974	85.5625
0.281036	57.40028763	9.284819944	17.20028713	1.396069306	85.5625
0.319099	54.79636406	6.646424805	16.50646081	7.29415132	85.5625
0.2407218	64.84201841	3.945073954	16.53468584	0	85.5625
0	56.015373	18.00482858	0.090065654	11.45223276	85.5625
0	46.64747713	8.583405939	0.142604452	30.18901248	85.5625
0.394584	59.01023163	8.386125959	11.20258048	6.568977939	85.5625
0.151516	26.75701944	19.28390442	2.697032675	36.67302746	85.5625
0.197635	28.24623475	15.52234062	6.421508406	35.17478122	85.5625
0.11729	26.7646345	24.12267894	5.60242715	28.95546941	85.5625
0.0368191	23.2490425	19.28900562	1.809972013	41.17766077	85.5625
0.016451	23.2490425	13.80262256	0.061717172	48.43266677	85.5625
0.365879	29.60000463	12.43108767	24.06744781	19.09808089	85.5625
0.135016	27.21529219	21.25287482	24.77299619	12.1863208	85.5625
0.079556	25.81771431	15.99796703	31.86937881	11.79788384	85.5625
0.0301301	27.54433704	16.56064317	26.90327427	14.52411541	85.5625
0.0181253	0.245271751	0.101124818	67.3404255	17.85755263	85.5625
0.054644	2.677841006	3.447771952	44.74952975	34.63271329	85.5625
0.120037	4.423316006	6.822910171	44.88138156	29.31485526	85.5625
0.0782579	5.170045613	14.77186919	23.72074856	41.82157874	85.5625
0.0297994	9.13294125	41.11833615	0.403508472	34.87791473	85.5625
0	0	2.259178455	7.114581769	76.18873978	85.5625
0.0465875	6.080019913	33.43803403	6.845128344	39.15273021	85.5625
0.111913	9.893335188	34.65318235	3.558150788	37.34591868	85.5625
0.00053075	0.13711904	3.19988576	0.002406719	82.22255773	85.5625
0.00967121	3.785738481	21.02994446	0.007408763	60.72973708	85.5625
8.51959	24.86138225	9.116941336	20.31886913	22.74571729	85.5625
38.9813	16.65029138	8.63631636	9.96803125	11.32656102	85.5625
