7
0.69	56.39	1.13	11.79	15.56	85.56
0.72	56.51	9.69	8.36	10.28	85.56
0.26	56.64	6.74	2.14	19.78	85.56
0.13	61.13	9.10	5.16	10.05	85.56
0.09	59.61	15.95	6.44	3.47	85.56
0.12	57.53	11.49	5.96	10.46	85.56
0.43	59.05	9.94	11.24	4.91	85.56
0.64	57.90	14.54	10.39	2.10	85.56
0.48	58.66	8.61	10.70	7.12	85.56
0.45	27.59	33.16	5.95	18.42	85.56
0.47	30.62	12.63	6.06	35.78	85.56
0.90	27.94	3.91	5.25	47.57	85.56
0.28	30.44	13.72	4.95	36.18	85.56
0.63	30.81	16.15	6.19	31.78	85.56
0.53	28.82	14.28	27.82	14.11	85.56
0.00	27.13	0.26	31.15	27.02	85.56
0.19	27.05	10.77	27.92	19.63	85.56
0.53	27.84	14.49	34.17	8.53	85.56
0.25	2.84	5.93	62.25	14.30	85.56
0.15	2.60	6.95	46.12	29.74	85.56
0.25	4.90	11.29	46.08	23.04	85.56
0.12	3.16	9.12	24.07	49.10	85.56
0.05	0.98	5.40	5.79	73.34	85.56
0.00	0.00	0.78	5.99	78.80	85.56
0.25	4.52	10.05	6.77	63.97	85.56
0.25	8.15	36.93	6.64	33.59	85.56
0.00	0.11	1.56	1.17	82.72	85.56
0.14	6.60	7.89	2.06	68.87	85.56
9.75	28.75	11.67	17.89	17.50	85.56
39.31	19.08	8.34	14.15	4.68	85.56
