6
3391	2171	8256	0.49	53.69	10.52	18.39	2.47
8396	10225	66911	0.74	57.56	11.10	14.12	2.05
7353	4038	96549	0.39	50.91	16.66	16.92	0.67
14838	2482	9187	0.52	57.66	9.30	17.65	0.43
19215	10763	137592	0.48	53.23	12.57	19.13	0.15
18429	4309	162470	0.75	54.27	10.82	19.52	0.21
20176	3417	3706	0.17	55.98	13.69	14.21	1.52
20176	11955	7788	0.03	52.84	22.77	9.20	0.71
30414	3755	200104	0.00	48.64	19.92	16.04	0.96
4870	11242	37680	0.49	23.23	50.71	9.39	1.75
6195	4452	141061	0.53	26.06	46.25	9.72	3.00
2165	2994	6807	0.23	25.16	42.55	8.72	8.90
6423	3525	7746	0.30	26.27	46.49	9.40	3.11
7025	3094	4391	0.15	26.36	45.60	8.48	4.97
8686	4330	170878	0.60	28.16	30.81	25.47	0.52
2687	2718	8556	0.22	24.54	34.75	24.60	1.46
8240	3710	8285	0.29	26.83	33.56	24.12	0.76
8502	4384	5238	0.13	24.91	37.14	21.27	2.10
72	54	578	0.01	0.25	13.86	69.65	1.79
513	858	1943	0.04	2.13	34.95	47.11	1.33
2132	1908	162028	0.34	8.10	31.13	45.54	0.45
792	3045	7754	0.10	4.16	56.66	21.87	2.78
561	2003	1558	0.15	2.99	26.46	6.07	49.89
30	0	0	0.00	0.00	41.57	5.82	38.17
884	2893	7456	0.12	5.26	62.21	9.02	8.96
1488	11496	15878	0.25	5.96	67.39	9.54	2.43
639	0	0	0.16	3.43	10.66	12.25	59.06
929	4286	1255	0.04	2.59	10.43	14.99	57.51
3936	3662	52080	9.29	17.22	36.18	20.40	2.47
1734	1621	35011	42.83	9.70	13.52	14.52	4.99









