1
2515	2027	4354	0.12	59.15	10.41	5.39	10.49
2285	11979	31700	0.17	59.15	10.39	5.39	10.46
1743	3305	106085	0.15	59.15	10.40	5.39	10.47
8207	700	2489	0.02	60.60	8.63	4.41	11.90
8802	14118	16840	0.00	54.55	14.50	5.62	10.88
10895	1146	111669	0.16	66.72	4.84	6.74	7.10
11210	1659	6417	0.12	57.04	12.55	4.00	11.85
14566	15823	117546	0.00	55.37	14.81	4.67	10.71
17767	2521	117546	0.28	60.62	9.39	6.91	8.37
6612	12044	89365	0.23	34.15	31.37	4.59	15.22
7035	3315	102521	0.26	31.72	35.77	6.61	11.20
1515	1911	3814	0.16	30.62	29.59	11.04	14.15
3501	777	1297	0.02	31.11	31.65	2.69	20.11
4886	1703	3612	0.11	31.05	35.36	3.27	15.76
5911	4256	139973	0.28	28.59	22.42	31.60	2.67
1547	2137	5604	0.04	28.12	21.71	32.18	3.51
3552	566	1219	0.04	28.39	21.04	31.97	4.13
5000	1296	5291	0.17	27.39	22.12	32.97	2.91
25	41	973	0.02	0.24	8.74	62.38	14.19
40	58	448	0.01	0.33	8.67	47.29	29.25
604	1430	190807	0.14	3.92	23.02	48.57	9.91
33	46	713	0.01	0.25	4.46	24.57	56.28
12	13	36	0.00	0.11	1.12	3.96	80.38
5	0	0	0.00	0.00	0.15	5.29	80.13
118	100	770	0.02	0.79	14.42	7.72	62.61
522	9920	1393	0.13	6.05	59.95	4.06	15.37
4	0	5	0.00	0.04	0.04	0.61	84.87
688	108	995	0.00	6.25	5.13	0.59	73.59
5427	1016	33721	9.46	23.31	16.07	24.96	11.75
4248	810	17700	45.57	16.19	3.87	13.04	6.89










