19
8977	4658	9620	0.11	50.22	11.99	14.55	8.70
11047	10250	31630	0.12	49.54	16.22	1.69	18.00
11110	3317	81968	0.11	52.00	13.43	18.59	1.43
11695	3704	11899	0.36	54.12	14.46	6.03	10.60
13421	14182	79960	0.40	53.23	15.37	3.13	13.42
16363	4387	102894	0.43	55.14	15.41	5.71	8.87
24076	2076	7934	0.69	58.50	11.77	5.94	8.66
37740	23949	339985	1.24	56.53	16.06	2.21	9.52
31785	4264	172779	0.67	56.18	15.10	5.70	7.92
13563	13843	132327	0.52	30.86	34.51	2.90	16.78
16080	4005	122532	0.46	30.21	41.05	4.89	8.95
3871	4736	8152	0.09	26.17	37.48	3.63	18.20
6504	4403	11890	0.25	28.41	37.34	3.53	16.03
10984	3374	8815	0.47	29.25	35.88	3.76	16.20
14548	3815	112431	0.33	25.75	29.57	28.62	1.29
6104	3754	15727	0.09	24.29	28.14	31.52	1.52
6752	3511	13386	0.17	25.62	28.35	28.91	2.52
9774	3127	12680	0.32	25.51	24.80	32.29	2.65
1478	2368	28849	0.07	4.53	16.21	62.80	1.94
1459	2302	8976	0.09	4.59	31.06	46.50	3.32
4576	3073	89483	0.13	7.93	30.89	45.82	0.79
3043	3441	38943	0.14	7.15	49.29	24.18	4.80
381	2824	3294	0.08	2.54	53.66	1.72	27.56
749	0	0	0.00	0.00	58.92	3.09	23.55
1610	2720	18250	0.13	4.96	64.48	5.08	10.90
2059	14159	37991	0.23	6.69	64.19	4.67	9.78
18	4	4	0.00	0.15	11.82	0.15	73.43
430	2928	2948	0.04	2.38	24.45	0.14	58.54
22056	9110	184526	8.97	37.18	20.31	7.91	11.19
17796	5010	193283	37.60	28.08	6.43	6.27	7.18












