12
5861	3186	7812	0.07	57.55	10.56	13.77	3.61
8218	12767	16886	0.12	58.26	9.95	12.80	4.43
14455	5675	52753	0.15	63.31	6.85	15.11	0.15
18068	4886	3134	0.00	47.71	6.92	12.56	18.38
18068	13439	5190	0.05	49.63	11.10	9.00	15.77
18068	5775	79710	0.52	55.29	11.66	12.65	5.44
28615	2508	3903	0.76	55.29	11.49	12.65	5.37
45315	15286	6228	0.99	55.29	11.34	12.65	5.29
30555	5594	95652	0.39	55.29	11.74	12.65	5.48
1986	14159	5031	0.06	25.92	37.96	4.17	17.45
1986	3756	56427	0.00	27.20	44.70	8.79	4.88
1521	4292	2079	0.07	25.37	37.53	3.44	19.15
1726	2826	1687	0.05	23.09	36.46	4.94	21.01
2044	3031	3054	0.13	25.39	38.23	5.34	16.48
4764	12653	52630	0.01	27.75	37.99	19.19	0.62
2842	5224	5225	0.03	25.93	35.56	23.44	0.60
2600	6885	3830	0.06	25.14	31.66	20.63	8.06
1489	3975	4753	0.03	26.27	36.00	21.09	2.17
229	1284	3101	0.00	1.69	15.52	64.93	3.42
373	3252	2912	0.02	3.14	36.89	43.83	1.69
282	9138	78396	0.00	3.17	35.53	45.49	1.37
460	4531	3589	0.02	4.55	55.58	21.03	4.38
325	3836	799	0.03	4.78	48.73	1.05	30.97
13	0	0	0.00	0.00	68.01	6.68	10.87
474	3129	1527	0.02	6.03	61.39	6.74	11.39
451	15746	4051	0.02	7.06	64.12	6.56	7.80
11	5	8	0.01	0.19	14.45	0.14	70.77
26	1738	1051	0.02	0.58	22.77	0.04	62.15
1402	14386	11034	8.57	12.86	32.20	6.74	25.20
1319	11815	23133	42.48	6.86	11.20	4.81	20.23




