8
10081	2462	20617	0.89	56.89	12.90	9.11	5.77
9979	18285	80063	0.86	60.98	8.61	11.30	3.81
10240	2971	70809	0.66	55.52	12.93	7.49	8.96
11607	2124	14751	0.76	55.21	12.47	14.41	2.71
10478	19199	22446	0.58	55.71	11.15	14.90	3.23
13745	2408	76879	1.01	60.49	9.86	8.99	5.22
14254	1720	15129	0.62	56.36	11.59	15.50	1.49
15186	28604	33540	0.32	52.83	14.95	15.63	1.84
16484	2351	80723	0.78	57.57	11.79	13.39	2.02
4909	15560	30588	0.55	29.33	36.86	6.91	11.91
7182	3268	79349	0.72	32.66	38.02	6.50	7.67
5091	2398	11873	0.64	31.61	36.32	8.16	8.83
6098	2454	11640	0.64	31.98	39.09	7.12	6.73
7678	1806	11477	0.58	32.43	41.11	7.11	4.33
6433	4422	82733	0.50	29.53	18.04	36.27	1.22
3364	2551	7717	0.36	28.03	23.29	31.36	2.53
5171	3888	10979	0.49	28.64	21.22	33.91	1.30
6174	1763	8999	0.45	29.55	18.22	36.07	1.27
673	2340	12113	0.23	4.06	17.32	63.08	0.87
1025	2697	8704	0.25	6.51	29.28	48.23	1.29
1307	3112	90352	0.49	8.20	28.09	47.44	1.34
1512	3238	15281	0.40	8.42	47.77	24.86	4.11
1678	2055	3928	0.00	5.95	36.47	11.29	31.86
186	0	0	0.00	0.00	37.16	9.60	38.80
1498	2561	15010	0.46	8.84	55.06	7.91	13.29
1781	18426	24822	0.54	10.35	52.03	7.45	15.19
10	0	1	0.00	0.00	1.42	1.20	82.95
522	197	3573	3.51	19.11	16.79	0.82	45.34
9499	2546	25736	8.99	39.80	13.94	19.94	2.89
6905	1913	17106	35.98	27.81	3.06	17.53	1.17















