18
5954	5065	2986	0.54	61.35	4.48	5.76	13.42
5935	16681	11395	0.35	62.05	4.10	5.17	13.90
10418	6401	85962	0.39	58.50	3.75	12.73	10.20
14216	3377	4615	0.38	62.25	3.53	9.89	9.51
14713	20445	27643	0.34	64.68	3.37	5.22	11.96
14365	4811	90487	0.33	64.32	3.26	11.76	5.89
15121	3789	7315	0.48	62.43	3.09	8.77	10.79
16963	21521	29983	0.56	64.76	4.15	4.41	11.69
17613	5509	95011	0.42	58.73	3.03	17.78	5.61
4630	17794	16270	0.21	33.22	15.08	5.16	31.90
6131	5862	71733	0.39	32.18	19.13	6.52	27.35
2736	4714	2878	0.19	30.75	24.14	4.85	25.63
5648	2987	4468	0.28	31.08	18.49	5.25	30.47
6306	3282	6813	0.28	30.97	17.57	6.28	30.46
6907	11708	64297	0.13	29.94	17.58	29.76	8.15
3602	11191	9201	0.05	28.42	22.14	24.63	10.33
5226	10214	10037	0.06	27.83	21.14	29.35	7.19
6522	7335	12534	0.09	28.24	20.79	28.18	8.26
543	3047	52134	0.01	3.44	13.81	63.25	5.06
1152	5254	9939	0.02	5.62	25.24	46.64	8.04
1425	5730	138149	0.03	5.43	24.73	48.34	7.03
1802	7980	19614	0.03	8.26	38.17	24.27	14.84
497	5065	12828	0.04	5.29	34.45	3.64	42.14
1096	0	0	0.00	0.00	15.12	4.77	65.67
1889	2920	33605	0.10	5.78	38.98	7.27	33.42
2254	19123	22454	0.14	9.76	31.56	7.13	36.98
279	2	4	0.01	3.63	5.62	0.31	76.00
1010	6038	5638	0.04	13.86	14.92	0.14	56.61
12411	16061	21118	8.66	55.18	4.08	5.05	12.59
8281	9597	18559	39.62	37.16	0.62	4.52	3.64











