23
5785	301	9276	0.05	47.87	0.00	37.64	0.00
10199	17339	89355	0.00	46.35	0.00	39.21	0.00
10199	1439	117649	0.46	45.07	0.00	40.06	0.00
10736	630	13315	0.15	48.09	0.00	37.35	0.00
16658	18251	187263	0.16	51.95	0.00	33.45	0.00
16658	2685	135719	0.17	52.10	0.00	33.30	0.00
19147	738	13991	0.26	51.95	0.00	33.37	0.00
36240	19212	301070	0.50	53.61	6.21	24.19	1.04
26342	3731	203078	0.43	53.60	0.00	31.54	0.00
22796	18394	278537	0.39	33.63	30.70	8.86	11.99
13262	2419	128255	0.42	34.60	31.02	8.44	11.08
2538	577	5561	0.15	29.73	34.60	9.39	11.69
5892	552	9295	0.13	29.50	32.74	8.29	14.90
14085	1026	11476	0.53	33.01	35.73	8.78	7.51
10095	2931	129582	0.16	30.74	6.97	45.68	2.01
2137	791	4184	0.05	26.22	8.43	48.93	1.93
4867	1591	12007	0.07	28.94	6.81	48.35	1.40
8229	1544	12108	0.11	28.17	3.62	52.90	0.77
777	289	7454	0.01	7.28	4.75	66.84	6.68
786	242	3145	0.02	6.62	12.23	51.12	15.58
2746	1562	90094	0.03	11.14	13.08	51.43	9.87
1448	1013	13425	0.08	6.60	44.84	24.67	9.37
822	122	9623	0.00	5.42	1.67	20.19	58.27
304	0	0	0.00	0.00	51.96	6.01	27.60
1508	488	15975	0.30	6.21	53.40	7.11	18.55
3270	19338	140099	0.16	10.57	58.35	8.80	7.68
702	0	0	0.00	19.38	1.04	30.33	34.81
1425	873	13698	0.00	14.98	0.39	49.17	21.02
22723	3930	139719	9.43	41.58	7.23	23.41	3.90
25078	3181	145353	40.20	37.20	0.00	12.16	0.00












