20
8977	4658	9620	0.11	50.22	1.53	14.55	19.15
11047	10250	31630	0.12	49.54	16.22	1.69	18.00
11047	3317	81968	0.11	52.00	13.43	18.59	1.43
11695	3704	11899	0.36	54.12	2.21	6.03	22.84
13421	14182	79960	0.40	53.23	15.37	3.13	13.42
16363	4387	102894	0.43	55.14	15.41	5.71	8.87
20859	587	6886	0.66	52.64	0.00	32.26	0.00
37740	23949	79960	1.24	56.53	16.06	2.21	9.52
25918	1938	150209	0.65	53.06	0.74	30.00	1.12
13563	13843	132327	0.52	30.86	34.51	2.90	16.78
15783	1345	98576	1.19	26.47	22.94	6.56	28.41
3871	4736	8152	0.09	26.17	37.48	3.63	18.20
6504	4403	11890	0.25	28.41	37.34	3.53	16.03
12214	825	3381	1.56	26.82	32.56	4.91	19.72
12553	1337	117178	0.66	25.24	4.35	46.14	9.19
6104	3754	15727	0.09	24.29	28.14	31.52	1.52
6752	3511	13386	0.17	25.62	28.35	28.91	2.52
8934	813	8383	0.35	25.34	8.79	47.71	3.38
1543	994	75862	0.15	3.37	8.78	63.33	9.92
1647	1191	10814	0.32	4.29	24.67	49.03	7.26
2306	1129	100656	0.28	4.59	10.31	51.07	19.31
3023	1331	66816	0.68	5.53	33.12	25.03	21.20
381	2824	3294	0.08	2.54	53.66	1.72	27.56
2155	0	0	0.00	0.00	20.05	4.53	60.97
3790	1140	65830	0.96	5.52	34.27	5.83	38.97
2059	14159	37991	0.23	6.69	64.19	4.67	9.78
18	4	4	0.00	0.15	11.82	0.15	73.43
430	2928	2948	0.04	2.38	24.45	0.14	58.54
6801	954	78639	10.11	11.29	6.09	31.39	26.69
2770	266	44813	47.09	5.12	0.69	19.10	23.32
















