21
10157	4658	9620	0.11	55.45	2.25	19.80	7.94
10157	10250	31630	0.12	55.45	2.25	19.80	7.94
10157	3317	81968	0.11	55.45	2.25	19.80	7.94
13611	2442	22415	0.90	58.48	4.83	10.77	10.58
11285	10447	25984	0.00	52.20	-0.75	33.36	-0.37
16332	2202	90165	0.50	69.87	2.24	5.02	7.93
19250	1218	7443	1.24	49.89	3.09	15.91	15.43
27418	12501	28582	0.00	49.75	0.00	34.00	1.81
22255	2566	125268	1.05	51.84	2.65	19.31	10.72
7915	9754	22869	0.00	19.13	44.69	6.85	14.90
7915	2910	131822	1.36	28.82	11.63	5.51	38.24
3871	4736	0	0.00	26.57	26.47	6.23	26.29
7374	2252	21612	0.66	29.55	28.63	5.86	20.86
9223	1061	8262	0.91	28.79	22.90	6.71	26.25
5897	2843	123159	0.91	26.64	7.26	38.91	11.84
5307	3754	0	0.00	26.19	12.09	36.25	11.03
5897	2910	17676	0.45	25.47	16.96	32.24	10.44
9300	1561	7219	0.49	26.47	9.73	37.60	11.28
1401	2308	48393	0.16	4.47	11.08	63.16	6.70
1516	1919	9153	0.11	6.06	17.89	49.04	12.46
2684	2323	104999	0.55	6.20	15.85	49.06	13.91
2586	2049	50078	0.41	8.08	26.15	25.06	25.87
381	2824	0	0.00	8.08	3.05	2.00	72.44
0	0	0	0.00	0.00	3.30	4.36	77.91
3027	1670	50377	0.69	8.03	32.04	6.92	37.88
1809	12869	22394	0.00	7.16	49.82	11.98	16.61
18	4	0	0.00	0.00	0.00	0.00	85.56
430	2928	0	0.00	0.00	0.00	0.00	85.56
9122	1941	70205	9.51	27.84	10.05	21.61	16.54
7266	1054	56711	43.94	17.81	0.36	19.58	3.87
















