3
2503	2023	4406	0.12	61.27	0.00	24.17	0.00
2285	11979	31700	0.17	65.92	0.00	19.48	0.00
1743	3305	120673	0.15	56.39	0.00	29.03	0.00
7195	1674	4566	0.19	56.94	8.86	15.47	4.10
5971	13745	82056	0.30	57.27	9.29	16.93	1.77
12816	4967	166698	0.42	55.22	11.61	14.66	3.66
13547	1610	2376	0.23	62.25	6.18	5.73	11.18
21861	24554	83685	0.10	56.42	13.19	10.48	5.37
24255	4476	166698	0.65	55.01	11.95	14.94	3.01
4017	14107	150660	0.52	29.33	29.86	6.59	19.27
4410	4469	179508	0.21	28.51	35.72	6.67	14.45
1653	2103	4573	0.18	27.78	30.07	4.41	23.12
3829	1450	4845	0.20	28.32	35.11	5.30	16.63
4080	812	2338	0.21	27.09	31.38	4.45	22.42
3499	5616	158354	0.08	27.86	24.15	32.31	1.17
1551	2144	5632	0.04	27.34	19.71	37.50	0.98
3874	2668	7083	0.15	27.45	27.98	28.82	1.17
7842	1708	8841	0.17	25.82	31.58	24.05	3.94
135	414	8589	0.00	5.50	11.87	67.72	0.48
487	1756	5970	0.02	6.90	31.93	43.46	3.25
668	4686	120857	0.03	9.41	32.33	42.94	0.85
475	2083	23739	0.02	5.35	47.43	24.41	8.36
206	1158	3911	0.03	4.26	44.56	2.35	34.36
286	0	0	0.00	0.00	37.83	5.84	41.90
497	1498	19760	0.05	5.76	55.17	7.16	17.42
988	13997	30498	0.24	8.29	47.13	9.26	20.64
173	6	6	0.02	1.04	19.41	0.71	64.38
163	899	5334	0.02	3.00	32.47	0.26	49.81
5177	2640	42498	9.15	32.76	19.75	11.15	12.75
2941	1003	4001	42.71	17.18	8.32	8.27	9.09












