17
3851	4640	7861	0.19	60.02	6.95	2.07	16.33
5880	13575	20371	0.28	61.48	7.67	2.25	13.88
3999	4187	98328	0.62	51.24	12.28	1.75	19.68
5575	3481	6494	0.50	62.89	5.39	2.88	13.91
7893	14393	27572	0.60	66.52	4.43	2.90	11.13
6557	4470	135165	0.32	67.34	4.93	3.23	9.74
8271	3304	5598	0.81	63.76	5.57	3.33	12.10
11480	20552	47795	1.02	65.70	5.71	3.91	9.22
11857	4257	186244	1.45	64.18	5.31	6.03	8.59
3218	16892	29094	0.44	29.19	27.46	1.78	26.69
3415	4009	180858	0.77	28.57	26.97	3.25	26.00
2018	4762	9012	0.12	28.49	27.19	1.90	27.86
2589	4348	9112	0.32	28.88	24.82	1.40	30.14
4524	3608	7720	0.40	30.29	26.16	2.05	26.66
8124	11236	108789	0.62	30.98	17.56	32.45	3.95
320	5065	6497	0.00	33.79	11.07	14.97	25.73
6812	24225	11168	0.14	28.02	23.62	27.21	6.57
8913	7067	12758	0.74	28.03	19.11	31.57	6.10
0	17137	48508	0.30	2.92	9.81	61.73	10.80
862	11467	6709	0.16	4.80	22.69	46.50	11.42
850	20059	68476	0.56	4.88	26.64	47.59	5.89
1673	12258	53135	0.52	6.00	41.47	24.58	13.00
590	7889	18551	0.19	6.23	41.73	1.19	36.22
78	0	0	0.00	0.00	53.23	2.22	30.10
709	3782	37028	0.63	6.67	46.10	4.27	27.89
317	18837	12228	0.94	4.12	39.53	3.04	37.93
117	2	3	0.05	1.05	5.92	0.03	78.52
302	2100	9249	0.06	2.71	12.90	0.05	69.85
2995	5283	42719	8.92	23.52	12.51	2.33	38.28
2174	3920	20427	40.16	16.40	4.39	0.92	23.68
