11
4100	4961	22824	0.36	66.71	5.90	3.04	9.56
4495	12005	63560	0.20	68.31	4.84	3.90	8.31
4206	5098	63560	0.17	66.20	6.84	4.60	7.75
5130	2505	10721	0.36	70.39	4.00	2.62	8.19
5742	12637	78408	0.44	74.26	3.02	2.77	5.07
5027	5850	80252	0.54	70.88	4.24	4.69	5.22
64934	2505	0	1.79	63.40	1.21	2.00	17.17
49908	15671	243230	1.09	65.91	5.43	1.77	11.36
50917	7237	247669	0.77	67.59	3.97	3.07	10.17
6966	17704	77956	0.45	30.31	29.80	2.27	22.74
2068	4973	69963	0.28	30.35	35.30	3.85	15.78
1873	4916	20893	0.24	30.51	32.35	2.56	19.91
1659	4545	21167	0.37	30.21	30.99	2.12	21.87
27505	246	0	1.68	30.48	21.75	2.65	29.00
1663	9011	86309	0.54	28.82	26.54	21.47	8.19
1880	4701	20255	0.15	31.02	21.06	25.10	8.24
2561	4701	3603	0.08	29.92	23.85	23.29	8.43
1489	3975	4753	0.03	29.92	23.89	23.29	8.44
0	2027	0	0.00	0.00	0.00	63.32	22.25
0	3124	5735	0.04	0.19	28.79	43.96	12.58
96	6745	87008	0.44	2.35	25.37	41.83	15.58
689	5691	72783	0.33	3.45	45.62	21.93	14.23
743	7186	35433	0.31	4.53	46.70	1.67	32.35
8950	0	0	0.00	0.00	7.95	2.40	75.22
430	3984	49123	0.35	4.47	56.32	5.10	19.32
6781	19087	106449	0.61	7.54	47.83	4.03	25.55
21	1	5	0.01	0.09	4.22	0.00	81.24
117	1436	5951	0.03	1.02	10.10	0.02	74.39
13758	8478	68208	8.63	30.72	11.87	2.39	31.96
5261	4825	21253	38.26	14.67	7.97	2.73	21.93


