24
6237	694	13400	0.12	58.07	12.76	4.80	9.81
6237	10493	52281	0.11	58.07	12.77	4.80	9.82
6237	1820	76936	0.38	58.07	12.62	4.80	9.70
7765	3331	901	0.00	60.72	8.70	7.08	9.07
7184	11805	1123	0.01	58.23	12.41	6.39	8.51
6930	3669	80285	0.11	57.50	12.05	5.65	10.26
8791	4783	1343	0.00	58.98	10.47	5.43	10.69
7982	13116	6311	0.01	53.02	19.90	3.01	9.63
9079	3752	174759	0.00	59.96	17.43	1.24	6.93
4005	15824	4890	0.01	28.28	47.85	3.08	6.34
2560	3108	98932	0.24	25.34	40.07	3.56	16.36
3295	1368	16309	0.19	27.68	39.82	3.68	14.19
3661	3372	979	0.01	28.82	36.36	4.56	15.81
3872	4924	2275	0.02	28.30	38.64	3.51	15.09
4613	6254	87427	0.66	19.27	40.77	17.45	7.41
3444	899	6525	0.06	24.44	30.52	21.23	9.30
3633	4070	152	0.00	27.68	24.58	22.30	11.01
4042	7840	1179	0.00	26.38	28.15	23.94	7.09
26	4192	1244	0.01	0.11	18.02	64.39	3.03
113	5196	496	0.02	0.78	32.37	47.52	4.88
235	2128	128955	0.31	1.33	29.78	48.49	5.65
195	3773	1827	0.02	1.79	48.18	20.25	15.33
27	874	81	0.00	0.24	44.42	2.03	38.87
1	0	0	0.00	0.00	43.11	6.62	35.83
154	1126	1103	0.01	1.33	57.84	6.37	20.00
872	23569	5844	0.05	6.12	68.56	5.45	5.39
0	31	0	0.00	0.00	16.17	0.13	69.25
0	498	8	0.00	0.01	40.72	0.11	44.72
822	8315	55498	10.57	5.11	44.02	14.12	11.74
330	10083	98804	43.66	2.36	17.55	11.64	10.35














