5
10766	2182	12421	0.39	53.79	7.30	23.99	0.10
6658	11670	14436	0.22	57.44	8.07	19.03	0.80
5778	1528	64241	0.44	48.13	0.00	36.99	0.00
13002	3398	6264	0.31	59.89	15.93	6.23	3.20
13002	11670	14436	0.64	59.07	11.92	12.76	1.17
12486	3970	67622	0.19	54.93	17.58	11.26	1.60
13118	3357	6977	0.43	59.74	16.40	7.69	1.30
15775	11837	5735	0.34	54.81	22.81	6.92	0.68
13118	4577	73821	0.37	57.34	19.48	5.31	3.06
3984	14406	17456	0.24	25.64	47.63	8.82	3.24
5094	4583	85992	0.27	26.88	46.05	6.11	6.26
4305	2008	6788	0.32	23.45	44.38	8.52	8.89
4550	4349	5728	0.19	28.52	44.96	5.97	5.92
5767	4469	7057	0.38	27.78	49.31	5.03	3.07
4120	4640	121509	0.24	25.53	28.70	29.86	1.24
3689	3388	9977	0.21	24.39	28.65	31.46	0.85
5235	4023	8101	0.22	25.66	32.70	25.24	1.74
4812	3402	8354	0.34	26.49	33.05	24.93	0.76
95	214	5682	0.01	0.70	15.74	68.45	0.65
505	1493	5718	0.09	2.94	34.11	46.69	1.74
881	2425	79719	0.11	4.90	31.78	47.24	1.54
613	3268	9501	0.15	3.33	56.16	23.06	2.86
143	1378	4416	0.09	1.25	45.46	3.67	35.09
45	0	0	0.00	0.00	48.06	6.22	31.29
701	2310	8857	0.15	4.33	60.79	7.40	12.90
769	18112	13411	0.12	4.25	67.46	9.89	3.84
51	1	1	0.04	0.45	8.93	0.55	75.59
48	1190	4304	0.06	0.46	33.10	0.85	51.10
2847	2680	11331	8.85	13.42	33.75	14.64	14.90
1487	929	7285	40.81	8.79	13.46	8.96	13.54










