4
4359	2304	8318	0.11	53.68	4.58	27.06	0.12
5300	18077	43953	0.14	60.57	3.66	20.90	0.30
5300	3469	131497	0.06	55.21	1.83	28.40	0.06
3197	3871	10939	0.17	56.83	6.47	21.95	0.15
3267	18981	19887	0.24	57.20	8.42	19.57	0.14
4028	4349	138897	0.17	55.88	6.96	22.50	0.06
6319	1474	5243	0.31	55.92	5.96	22.87	0.50
6045	19930	89375	0.42	59.36	0.14	25.63	0.01
6045	4450	146296	0.16	56.86	6.32	21.92	0.31
2947	18214	38595	0.15	30.78	37.81	11.00	5.83
2472	2999	105391	0.62	34.13	37.63	9.56	3.63
2560	1418	7681	0.10	31.71	38.27	9.69	5.80
2222	2604	6782	0.21	33.83	39.21	10.06	2.26
2655	310	823	0.77	32.75	37.50	6.03	8.51
2695	5879	110337	0.16	31.12	21.92	32.06	0.31
2214	2673	6412	0.05	29.59	25.41	30.08	0.43
1962	3747	8854	0.20	31.54	23.14	30.24	0.44
3140	1772	4368	0.20	29.08	21.27	34.31	0.70
90	568	11563	0.03	1.37	14.18	69.62	0.37
370	1015	4663	0.05	4.79	30.41	49.80	0.51
596	4281	135519	0.11	6.16	29.71	49.41	0.17
639	2000	19666	0.10	7.73	49.55	27.04	1.14
9	0	7941	0.00	0.61	1.58	13.24	70.14
0	0	0	0.00	0.00	17.81	5.29	62.46
518	1038	14415	0.21	7.16	62.09	7.11	9.00
881	13230	40860	0.34	11.46	62.17	10.83	0.75
0	0	0	0.00	0.12	6.87	15.79	62.77
430	3801	22428	0.00	24.80	12.21	15.34	33.21
1523	2747	51787	9.16	21.97	24.86	28.20	1.37
1138	1223	13241	39.07	17.30	6.43	21.71	1.04













