16
2724	617	2540	0.52	59.78	7.23	15.56	2.48
4532	13783	18919	0.29	58.48	11.93	9.21	5.66
4532	1386	44349	0.00	57.11	10.46	10.84	7.16
4532	1084	6081	0.05	56.10	13.66	10.00	5.75
5423	15546	19915	0.08	60.31	10.42	4.63	10.12
6102	1770	58931	0.20	58.69	13.70	7.05	5.92
6679	1104	10716	0.08	57.81	14.73	8.90	4.05
6413	18807	12294	1.19	58.48	11.32	9.21	5.37
8264	1157	57758	0.22	59.56	14.23	7.47	4.08
2519	18736	12955	0.37	26.65	33.02	3.34	22.18
2644	2366	66894	0.57	30.15	35.62	4.35	14.87
1639	1022	2464	0.38	27.59	38.86	5.23	13.49
2340	924	3658	0.09	31.61	34.94	5.58	13.35
3280	648	5590	0.26	31.70	37.86	6.00	9.74
2842	1753	115984	0.43	28.14	20.57	31.94	4.49
1433	599	2680	0.38	27.38	22.79	30.67	4.34
2137	654	3687	0.07	28.35	22.53	31.40	3.22
3027	789	5502	0.36	29.91	20.34	31.58	3.38
54	218	2309	0.03	0.72	14.44	62.13	8.25
59	149	1293	0.03	0.82	17.94	46.51	20.26
411	1933	112376	0.44	3.49	27.56	48.82	5.26
49	91	674	0.02	0.67	15.46	23.34	46.08
28	186	456	0.02	0.47	14.25	2.16	68.66
1	0	0	0.00	0.00	0.24	5.03	80.29
118	222	1310	0.05	1.54	27.15	7.06	49.76
865	23342	11931	0.38	9.85	54.92	5.19	15.22
7	0	0	0.00	0.10	0.90	0.78	83.79
538	3096	4418	0.11	5.60	30.98	1.95	46.92
2211	1271	14806	9.02	23.42	22.73	20.20	10.19
2046	938	18365	34.73	20.14	9.11	15.57	6.01













