14
5098	2504	3165	0.08	55.69	14.59	7.12	8.09
4636	15133	896	0.07	52.48	18.62	6.12	8.28
4656	2238	81658	0.00	55.54	15.47	6.23	8.32
4773	3135	2078	0.11	61.09	11.13	5.58	7.65
5149	19516	3454	0.02	64.20	9.26	5.11	6.97
6217	3859	72542	0.04	59.66	11.92	7.27	6.68
9359	3282	9427	0.20	58.85	13.43	6.51	6.58
6130	11355	192010	0.07	69.22	4.39	10.05	1.83
8920	3849	219317	0.00	56.01	16.05	7.81	5.69
3527	15799	6866	0.07	26.77	41.11	6.64	10.97
4886	3744	193205	0.19	28.48	39.05	8.15	9.70
2338	2330	3705	0.10	25.75	40.14	6.93	12.65
3960	3156	3154	0.17	27.47	38.70	6.34	12.88
3545	2999	5653	0.25	26.19	42.37	8.47	8.29
1983	4511	153538	0.09	25.07	35.34	19.68	5.38
2317	1425	3144	0.02	22.66	37.48	23.99	1.41
1405	4226	2047	0.09	23.81	36.37	21.14	4.15
1489	3975	4753	0.03	24.06	37.93	21.44	2.10
122	229	2023	0.01	0.95	21.27	63.19	0.15
395	343	1580	0.02	3.37	41.26	40.55	0.37
184	18049	133671	0.07	5.22	35.85	42.96	1.47
481	923	2758	0.04	4.62	56.25	22.61	2.05
95	1837	1127	0.04	1.72	53.54	1.42	28.84
4	0	0	0.00	0.00	39.63	4.30	41.64
287	1398	3214	0.05	3.31	60.07	6.76	15.38
1011	16865	8879	0.04	6.46	62.09	7.05	9.92
7	9	4	0.00	0.18	28.04	0.15	57.19
39	1159	156	0.01	0.71	37.06	0.12	47.66
949	2802	31008	8.84	10.78	43.07	10.06	12.81
924	1621	69220	41.83	8.58	17.76	7.05	10.34


