22
13616	1366	20442	0.25	48.67	6.78	20.47	9.38
11437	49675	44042	0.13	47.69	5.68	25.05	7.01
13581	1837	75064	0.37	49.89	3.82	17.21	14.28
14296	2736	21464	0.33	48.93	5.96	11.65	18.69
13838	52158	65982	0.21	54.68	3.10	12.49	15.09
18645	2058	78818	0.39	52.44	6.22	16.32	10.19
28173	2873	22537	0.29	49.97	6.94	9.89	18.47
32178	54766	69281	0.92	57.31	9.98	8.98	8.36
36670	2470	116144	0.78	61.73	5.81	12.87	4.37
11449	19996	32790	0.87	31.70	16.28	6.51	30.19
14616	1776	70383	0.55	33.88	16.09	8.02	27.02
9627	1701	20834	0.21	34.81	19.57	8.33	22.64
10108	2503	21876	0.42	31.62	19.40	6.86	27.26
21446	2532	22970	0.34	35.50	17.60	5.84	26.28
13371	1791	66814	0.24	29.79	14.64	33.61	7.29
7239	1211	13321	0.10	28.56	8.69	43.73	4.48
9457	1380	13987	0.15	25.89	16.91	38.33	4.28
19097	1449	14687	0.16	28.19	13.07	38.15	5.99
2017	909	11009	0.01	5.96	12.41	65.16	2.03
1415	1106	7099	0.04	5.32	29.52	48.37	2.31
3611	1604	58991	0.07	7.72	21.28	47.50	8.99
2121	1479	18109	0.15	6.73	43.98	25.49	9.22
2255	795	70445	0.17	4.18	3.24	9.37	68.60
1929	0	0	0.00	0.00	14.40	4.69	66.46
4031	1722	29826	0.39	8.34	31.77	7.76	37.30
3939	14870	80780	0.22	7.47	28.93	6.31	42.63
8366	0	0	0.59	13.02	0.51	5.13	66.31
5961	1888	29082	0.05	16.94	1.03	17.63	49.92
19281	2205	96794	8.52	32.98	11.82	16.24	16.00
14705	1562	69035	41.04	26.52	1.19	11.51	5.30
