15
3606	587	1032	0.02	61.88	10.51	4.22	8.93
3450	15234	5588	0.29	60.47	10.83	2.82	11.15
3550	1386	20000	0.00	60.47	10.98	2.82	11.30
3966	397	1005	0.03	60.86	10.37	3.85	10.45
3800	16927	6209	0.79	58.79	10.52	1.80	13.66
3900	1770	40000	0.20	60.47	10.88	2.82	11.20
6153	4245	5898	1.39	60.27	10.54	1.70	11.66
6413	18807	12294	1.19	60.54	11.36	2.53	9.94
6283	1157	57758	0.22	60.47	10.87	2.82	11.18
2526	14696	5565	0.70	25.76	38.30	1.87	18.93
2681	535	51355	0.18	23.69	36.48	6.85	18.37
1475	1116	853	0.07	26.18	37.19	3.05	19.08
1987	709	1235	0.07	27.15	33.77	3.15	21.42
2883	2489	3307	0.86	28.18	32.59	1.69	22.24
1651	1753	50000	0.43	22.93	23.57	25.76	12.87
1569	629	233	0.10	24.98	34.68	20.13	5.68
1650	496	862	0.06	26.69	24.68	20.37	13.76
1733	471	2194	0.00	17.11	0.00	36.79	31.66
54	218	2309	0.03	1.00	4.77	75.00	4.77
234	605	872	0.19	3.27	30.83	43.17	8.09
411	1933	50000	0.02	3.27	30.97	43.17	8.13
459	1061	901	0.12	5.80	45.59	21.81	12.24
226	906	752	0.04	2.90	55.01	1.44	26.17
56	0	0	0.00	0.00	38.45	5.10	42.01
627	1209	1150	0.12	7.43	56.26	4.06	17.69
975	17187	2654	0.34	9.53	55.62	3.25	16.82
76	5	17	0.03	0.87	30.72	0.19	53.74
97	760	626	0.03	1.07	37.65	0.13	46.69
2868	4326	6476	9.56	27.91	26.11	2.65	19.33
3827	6804	19671	36.31	37.51	4.05	2.89	4.80


























