10
5440	4583	9546	0.24	53.72	12.38	4.56	14.66
5219	10955	13264	0.22	57.44	11.07	4.91	11.93
5433	2813	65767	0.40	58.37	1.63	23.07	2.08
10479	3373	12365	0.27	56.38	6.92	3.15	18.84
7669	17603	75994	0.24	57.35	7.70	4.17	16.11
11192	3698	74127	0.27	54.27	7.40	6.59	17.03
13922	2362	5797	0.59	52.30	5.96	6.48	20.23
18302	12876	40001	0.72	55.78	2.70	4.28	22.09
14919	2566	78208	0.31	56.29	10.25	5.97	12.74
4293	18001	41439	0.22	27.56	25.93	4.17	27.69
6102	3396	74773	0.28	28.98	19.70	4.74	31.86
2470	4602	8423	0.07	26.71	31.59	2.53	24.66
5457	3288	11324	0.23	29.10	22.01	2.70	31.53
9774	2265	6211	0.58	35.40	14.49	4.07	31.03
4699	5057	80901	0.17	27.48	15.06	27.69	15.16
2653	6352	12671	0.09	28.07	19.11	26.77	11.53
4853	4202	11912	0.31	26.54	18.46	24.61	15.64
4678	2249	6866	0.31	31.43	18.22	25.05	10.55
324	3949	32110	0.10	2.88	13.20	62.88	6.50
734	4883	13284	0.20	4.90	18.88	46.31	15.27
913	3972	63113	0.19	5.10	18.76	47.63	13.88
1050	8610	49883	0.15	6.61	24.89	21.99	31.92
929	4965	14139	0.08	7.66	37.48	1.75	38.59
487	0	0	0.00	0.00	4.54	4.11	76.91
1314	3775	28787	0.14	8.66	35.29	5.73	35.74
1092	37440	157177	0.12	8.45	34.73	6.36	35.90
960	0	0	0.21	10.14	20.98	1.50	52.74
3727	3846	17119	0.12	18.95	21.43	0.28	44.78
5509	4353	28730	9.49	29.86	13.75	11.35	21.12
4077	2201	48177	37.90	20.36	5.02	9.69	12.60










