9
5138	1810	16357	0.31	61.95	11.94	6.98	4.38
7584	9895	50730	0.26	54.02	13.55	9.98	7.75
6504	4109	50730	0.48	60.33	11.97	7.75	5.04
7826	1759	15832	0.25	60.18	11.44	9.17	4.53
7772	11796	56367	0.53	60.37	14.12	5.35	5.20
10406	2289	56367	0.25	54.19	15.16	12.23	3.72
13087	1860	14906	0.20	53.69	15.34	13.67	2.66
11510	12386	56367	0.00	51.82	25.56	3.42	4.76
13944	2861	67640	0.33	50.06	19.16	13.24	2.78
7175	10258	45480	0.48	31.93	41.10	7.70	4.35
8476	3124	63674	0.38	34.03	40.48	6.30	4.38
2834	1431	15360	0.68	35.54	28.14	5.76	15.44
5724	1703	12563	0.33	32.03	37.17	6.66	9.38
8525	2061	12414	0.21	31.46	44.00	6.27	3.62
7165	3345	79135	0.34	30.96	20.27	32.27	1.73
4706	4263	26676	1.10	35.26	14.31	27.38	7.50
5068	1613	9081	0.14	28.87	20.53	34.32	1.70
6931	1862	10195	0.23	28.46	21.68	33.89	1.31
680	1831	12188	0.14	4.12	16.90	62.33	2.07
1399	1837	7914	0.08	7.70	26.69	48.56	2.53
1562	2871	108006	0.22	8.30	27.37	47.31	2.37
2217	2331	14747	0.16	10.21	44.94	25.18	5.06
788	1832	19205	0.39	2.28	16.71	4.89	61.29
274	0	0	0.00	0.00	28.06	4.62	52.88
2304	1781	13103	0.38	8.83	53.07	6.85	16.42
2517	15415	17326	0.00	7.58	63.78	12.41	1.80
0	0	0	0.73	16.71	0.00	6.63	61.50
2030	1561	15024	0.00	45.92	3.75	3.71	32.18
6341	1985	24030	8.98	42.40	14.31	14.23	5.64
3531	932	14022	37.33	26.33	6.58	10.15	5.18













