2
3476	2344	410	0.05	18.97	52.00	4.49	10.05
2285	11979	31700	0.17	39.07	25.72	4.25	16.36
1743	3305	120673	0.15	39.07	25.73	4.25	16.37
9019	1664	1520	0.07	42.76	21.79	3.61	17.34
14384	12092	1101	0.04	41.90	20.66	1.64	21.32
11551	2755	126707	0.04	41.63	25.85	3.64	14.41
22195	1677	3962	0.22	42.78	22.34	7.06	13.17
22223	12742	188575	0.27	42.68	19.82	3.62	19.18
30384	2160	186889	0.21	42.75	24.10	5.67	12.82
7119	13333	95992	0.29	24.99	42.76	3.32	14.21
5513	3076	234132	0.35	25.65	42.87	6.66	10.03
851	980	140	0.09	21.52	45.89	2.42	15.65
2514	1500	959	0.06	25.67	39.59	2.65	17.59
6078	2181	2288	0.26	25.65	41.76	5.71	12.17
3414	2907	245624	0.28	25.62	27.96	30.70	1.01
718	788	302	0.00	19.87	30.28	23.42	11.99
1876	1622	2035	0.18	25.63	29.54	25.70	4.50
3670	1759	3436	0.24	25.66	26.92	31.10	1.65
164	325	19102	0.13	17.09	4.16	63.25	0.93
281	458	2069	0.14	17.11	14.43	47.45	6.43
416	1226	138580	0.17	17.11	19.82	47.43	1.03
268	514	11359	0.11	17.11	28.33	24.18	15.84
294	606	1651	0.05	17.10	40.66	2.48	25.26
4	0	0	0.00	0.00	1.07	4.65	79.84
539	994	5456	0.13	17.11	47.40	6.43	14.49
988	13260	49426	0.18	16.04	55.61	3.73	10.01
39	10	1	0.05	78.07	2.15	0.74	4.55
245	519	11755	0.06	84.93	0.18	0.20	0.20
5073	1083	44124	9.70	60.79	0.00	15.07	0.00
2252	465	20686	45.95	32.92	0.00	6.70	0.00











