7
6902	2204	4772	0.69	56.39	2.11	11.79	14.58
7071	13794	11690	0.72	56.51	11.27	8.36	8.70
7201	2360	74507	0.26	56.64	7.68	2.14	18.84
9447	3561	9844	0.13	61.13	6.56	5.16	12.59
7443	14520	12305	0.09	59.61	12.59	6.44	6.83
9960	3494	88931	0.12	57.53	10.19	5.96	11.77
20322	2646	10720	0.43	59.05	9.82	11.24	5.02
23538	16288	153925	0.64	57.90	14.61	10.39	2.02
24378	3835	147667	0.48	58.66	11.72	10.70	4.00
10237	20154	94759	0.45	27.59	48.92	5.95	2.66
9138	3848	118981	0.47	30.62	30.18	6.06	18.23
3852	2954	6858	0.90	27.94	13.45	5.25	38.03
4696	3496	8858	0.28	30.44	25.16	4.95	24.74
10484	3185	9552	0.63	30.81	38.98	6.19	8.95
9376	7364	154040	0.53	28.82	24.33	27.82	4.06
3584	662	2030	0.00	27.13	5.39	31.15	21.89
4680	6145	7601	0.19	27.05	22.41	27.92	8.00
8246	5677	8064	0.53	27.84	21.32	34.17	1.70
699	3249	9985	0.25	2.84	18.72	62.25	1.50
659	3905	4642	0.15	2.60	32.53	46.12	4.16
1373	8534	103230	0.25	4.90	30.99	46.08	3.35
817	4959	14193	0.12	3.16	45.89	24.07	12.33
195	1433	5346	0.05	0.98	11.62	5.79	67.13
143	0	0	0.00	0.00	7.96	5.99	71.62
1198	2253	18724	0.25	4.52	47.14	6.77	26.88
2714	26659	36524	0.25	8.15	67.16	6.64	3.36
10	0	1	0.00	0.11	0.81	1.17	83.46
695	4246	15591	0.14	6.60	6.16	2.06	70.61
11100	5365	64482	9.75	28.75	22.95	17.89	6.21
7602	3552	39849	39.31	19.08	8.27	14.15	4.75









