13
10335	2737	6485	0.18	60.86	5.48	13.53	5.51
14363	19753	36067	0.36	64.98	4.00	7.87	8.36
24530	5003	59100	0.32	60.26	4.38	16.14	4.47
36023	2952	7337	0.28	57.40	5.40	17.20	5.28
36023	29606	34212	0.32	54.80	6.05	16.51	7.89
36023	5304	62055	0.26	67.97	0.00	17.33	0.00
37825	1535	2473	0.00	56.02	8.92	0.09	20.54
37825	31086	2213	0.00	46.65	8.30	0.14	30.48
37825	5594	233923	0.39	59.01	5.17	11.20	9.78
2338	14970	21521	0.15	26.76	28.60	2.70	27.36
4919	4677	57071	0.20	28.25	33.01	6.42	17.69
2882	3466	5388	0.12	26.76	36.15	5.60	16.92
1702	5333	5331	0.04	23.25	26.97	1.81	33.50
467	3138	1867	0.02	23.25	16.34	0.06	45.90
10155	11464	82618	0.37	29.60	29.19	24.07	2.34
4855	1742	5238	0.14	27.22	32.62	24.77	0.82
3467	2480	4613	0.08	25.82	27.39	31.87	0.40
1489	3975	4753	0.03	27.54	30.03	26.90	1.05
71	103	1181	0.02	0.25	11.54	67.34	6.42
518	587	1598	0.05	2.68	36.87	44.75	1.21
1487	4102	83846	0.12	4.42	32.89	44.88	3.25
973	1253	2941	0.08	5.17	54.87	23.72	1.72
286	4907	3081	0.03	9.13	43.34	0.40	32.66
161	0	0	0.00	0.00	32.31	7.11	46.13
551	2259	3930	0.05	6.08	61.69	6.85	10.90
815	13588	19549	0.11	9.89	53.36	3.56	18.64
3	2	5	0.00	0.14	3.02	0.00	82.40
83	1093	1002	0.01	3.79	17.75	0.01	64.01
8795	6862	37389	8.52	24.86	18.57	20.32	13.29
7218	7573	45738	38.98	16.65	8.14	9.97	11.82






