6
0	0.49	53.69	13.48	18.39	3.20	89.24
1	0.74	57.56	16.96	14.12	3.25	92.62
2	0.39	50.91	12.50	16.92	0.47	81.20
3	0.52	57.66	13.48	17.65	0.61	89.91
4	0.48	53.23	22.02	19.13	0.25	95.11
5	0.75	54.27	13.92	19.52	0.26	88.71
6	0.17	55.98	21.92	14.21	2.34	94.62
7	0.03	52.84	31.46	9.20	1.07	94.61
8	0.00	48.64	12.47	16.04	0.43	77.58
9	0.49	23.23	47.83	9.39	1.67	82.60
10	0.53	26.06	28.14	9.72	1.85	66.30
11	0.23	25.16	24.22	8.72	5.23	63.55
12	0.30	26.27	34.82	9.40	2.37	73.16
13	0.15	26.36	33.48	8.48	3.72	72.19
14	0.60	28.16	23.58	25.47	0.39	78.21
15	0.22	24.54	25.96	24.60	1.10	76.42
16	0.29	26.83	30.48	24.12	0.70	82.42
17	0.13	24.91	35.51	21.27	2.00	83.83
18	0.01	0.25	1.01	69.65	0.12	71.03
19	0.04	2.13	12.20	47.11	0.45	61.94
20	0.34	8.10	18.64	45.54	0.27	72.89
21	0.10	4.16	29.92	21.87	1.46	57.50
22	0.15	2.99	15.58	6.07	27.17	51.96
23	0.00	0.00	15.55	5.82	5.82	27.19
24	0.12	5.26	32.70	9.02	4.70	51.79
25	0.25	5.96	58.24	9.54	2.10	76.09
26	0.16	3.43	19.87	12.25	56.33	92.05
27	0.04	2.59	15.86	14.99	53.13	86.61
28	9.29	17.22	27.23	20.40	1.84	75.98
29	42.83	9.70	14.32	14.52	5.13	86.50
