1
0	0.12	59.15	11.44	5.39	10.99	87.09
1	0.17	59.15	11.44	5.39	10.99	87.14
2	0.15	59.15	11.44	5.39	10.99	87.12
3	0.02	60.60	13.56	4.41	18.35	96.95
4	0.00	54.55	14.73	5.62	9.66	84.57
5	0.16	66.72	6.62	6.74	9.81	90.04
6	0.12	57.04	16.52	4.00	15.14	92.82
7	0.00	55.37	10.89	4.67	7.66	78.60
8	0.28	60.62	6.30	6.91	5.32	79.43
9	0.23	34.15	23.57	4.59	11.88	74.42
10	0.26	31.72	10.57	6.61	3.36	52.53
11	0.16	30.62	22.33	11.04	10.79	74.94
12	0.02	31.11	35.98	2.69	22.97	92.76
13	0.11	31.05	35.19	3.27	15.90	85.53
14	0.28	28.59	7.59	31.60	0.91	68.98
15	0.04	28.12	12.65	32.18	2.09	75.08
16	0.04	28.39	18.85	31.97	3.84	83.10
17	0.17	27.39	11.51	32.97	1.52	73.55
18	0.02	0.24	0.40	62.38	0.62	63.66
19	0.01	0.33	0.52	47.29	1.68	49.84
20	0.14	3.92	2.21	48.57	0.83	55.67
21	0.01	0.25	0.43	24.57	5.09	30.33
22	0.00	0.11	0.46	3.96	30.24	34.77
23	0.00	0.00	0.03	5.29	12.82	18.14
24	0.02	0.79	1.96	7.72	8.34	18.83
25	0.13	6.05	16.42	4.06	5.35	32.01
26	0.00	0.04	0.04	0.61	72.34	73.03
27	0.00	6.25	4.91	0.59	67.59	79.34
28	9.46	23.31	6.83	24.96	4.81	69.38
29	45.57	16.19	4.25	13.04	7.54	86.59
