19
0	0.11	50.22	23.59	14.55	18.16	106.63
1	0.12	49.54	29.06	1.69	31.18	111.59
2	0.11	52.00	19.02	18.59	2.11	91.83
3	0.36	54.12	20.34	6.03	15.02	95.87
4	0.40	53.23	24.15	3.13	21.46	102.38
5	0.43	55.14	21.28	5.71	12.75	95.31
6	0.69	58.50	9.16	5.94	6.97	81.26
7	1.24	56.53	6.49	2.21	3.87	70.35
8	0.67	56.18	8.29	5.70	4.48	75.32
9	0.52	30.86	33.90	2.90	16.52	84.69
10	0.46	30.21	24.46	4.89	5.31	65.33
11	0.09	26.17	45.30	3.63	21.89	97.08
12	0.25	28.41	41.95	3.53	18.03	92.16
13	0.47	29.25	30.59	3.76	13.50	77.57
14	0.33	25.75	17.93	28.62	0.78	73.42
15	0.09	24.29	23.12	31.52	1.22	80.24
16	0.17	25.62	24.32	28.91	2.15	81.16
17	0.32	25.51	14.29	32.29	1.53	73.93
18	0.07	4.53	5.84	62.80	0.60	73.85
19	0.09	4.59	14.36	46.50	1.48	67.02
20	0.13	7.93	10.61	45.82	0.26	64.76
21	0.14	7.15	28.76	24.18	2.81	63.04
22	0.08	2.54	62.02	1.72	31.49	97.86
23	0.00	0.00	44.28	3.09	12.55	59.93
24	0.13	4.96	55.37	5.08	9.37	74.92
25	0.23	6.69	65.07	4.67	9.78	86.44
26	0.00	0.15	12.67	0.15	77.28	90.26
27	0.04	2.38	31.58	0.14	75.49	109.64
28	8.97	37.18	16.15	7.91	8.71	78.92
29	37.60	28.08	10.28	6.27	11.10	93.33
