8
0.00	0.89	56.89	12.00	9.11	5.44	84.33
1.00	0.86	60.98	11.22	11.30	5.40	89.76
2.00	0.66	55.52	8.67	7.49	6.02	78.36
3.00	0.76	55.21	13.34	14.41	2.91	86.64
4.00	0.58	55.71	13.45	14.90	4.11	88.75
5.00	1.01	60.49	10.67	8.99	5.79	86.95
6.00	0.62	56.36	11.20	15.50	1.44	85.12
7.00	0.32	52.83	16.24	15.63	2.05	87.07
8.00	0.78	57.57	10.44	13.39	1.79	83.98
9.00	0.55	29.33	15.61	6.91	4.95	57.36
10.00	0.72	32.66	13.34	6.50	2.69	55.91
11.00	0.64	31.61	20.43	8.16	5.19	66.02
12.00	0.64	31.98	19.35	7.12	3.32	62.41
13.00	0.58	32.43	14.65	7.11	1.57	56.33
14.00	0.50	29.53	13.97	36.27	0.93	81.20
15.00	0.36	28.03	20.55	31.36	2.33	82.62
16.00	0.49	28.64	17.60	33.91	1.08	81.73
17.00	0.45	29.55	11.07	36.07	0.75	77.89
18.00	0.23	4.06	8.79	63.08	0.39	76.56
19.00	0.25	6.51	12.22	48.23	0.52	67.74
20.00	0.49	8.20	12.65	47.44	0.59	69.38
21.00	0.40	8.42	17.02	24.86	1.47	52.16
22.00	0.00	5.95	44.90	11.29	24.47	86.62
23.00	0.00	0.00	9.51	9.60	3.23	22.34
24.00	0.46	8.84	15.96	7.91	3.84	37.02
25.00	0.54	10.35	16.17	7.45	4.94	39.44
26.00	0.00	0.00	1.00	1.20	74.81	77.00
27.00	3.51	19.11	3.26	0.82	52.85	79.54
28.00	8.99	39.80	11.85	19.94	2.45	83.03
29.00	35.98	27.81	8.68	17.53	3.24	93.25
