12
0	0.07	57.55	15.43	13.77	5.06	91.89
1	0.12	58.26	10.74	12.80	4.56	86.48
2	0.15	63.31	9.04	15.11	0.25	87.86
3	0.00	47.71	2.40	12.56	4.55	67.21
4	0.05	49.63	3.17	9.00	5.15	67.01
5	0.52	55.29	8.15	12.65	3.92	80.54
6	0.76	55.29	8.15	12.65	3.92	80.77
7	0.99	55.29	8.15	12.65	3.92	81.00
8	0.39	55.29	8.15	12.65	3.92	80.41
9	0.06	25.92	31.58	4.17	14.25	75.98
10	0.00	27.20	20.42	8.79	2.49	58.90
11	0.07	25.37	36.46	3.44	18.61	83.96
12	0.05	23.09	24.36	4.94	14.11	66.56
13	0.13	25.39	28.21	5.34	12.37	71.43
14	0.01	27.75	11.36	19.19	0.20	58.51
15	0.03	25.93	27.03	23.44	0.45	76.89
16	0.06	25.14	8.78	20.63	2.24	56.85
17	0.03	26.27	15.72	21.09	0.96	64.08
18	0.00	1.69	1.04	64.93	0.26	67.92
19	0.02	3.14	10.76	43.83	0.46	58.21
20	0.00	3.17	6.02	45.49	0.14	54.83
21	0.02	4.55	24.28	21.03	1.89	51.77
22	0.03	4.78	48.81	1.05	31.32	85.98
23	0.00	0.00	37.86	6.68	3.86	48.39
24	0.02	6.03	43.34	6.74	8.04	64.16
25	0.02	7.06	41.73	6.56	5.02	60.40
26	0.01	0.19	15.14	0.14	71.46	86.94
27	0.02	0.58	28.33	0.04	76.90	105.87
28	8.57	12.86	40.18	6.74	29.94	98.29
29	42.48	6.86	22.93	4.81	37.77	114.84
