18
0	0.54	61.35	4.07	5.76	12.14	83.86
1	0.35	62.05	3.76	5.17	12.73	84.06
2	0.39	58.50	1.49	12.73	3.33	76.43
3	0.38	62.25	2.84	9.89	7.60	82.96
4	0.34	64.68	2.47	5.22	8.73	81.44
5	0.33	64.32	3.22	11.76	5.67	85.30
6	0.48	62.43	2.54	8.77	8.93	83.15
7	0.56	64.76	3.43	4.41	9.78	82.93
8	0.42	58.73	1.80	17.78	3.45	82.17
9	0.21	33.22	5.35	5.16	11.28	55.21
10	0.39	32.18	4.47	6.52	6.43	49.98
11	0.19	30.75	16.15	4.85	17.29	69.24
12	0.28	31.08	8.36	5.25	12.91	57.87
13	0.28	30.97	4.87	6.28	8.54	50.95
14	0.13	29.94	2.34	29.76	1.12	63.29
15	0.05	28.42	5.21	24.63	2.43	60.74
16	0.06	27.83	4.29	29.35	1.42	62.95
17	0.09	28.24	3.46	28.18	1.33	61.29
18	0.01	3.44	1.33	63.25	0.44	68.47
19	0.02	5.62	4.01	46.64	1.20	57.49
20	0.03	5.43	2.45	48.34	0.69	56.94
21	0.03	8.26	5.97	24.27	2.32	40.85
22	0.04	5.29	27.53	3.64	33.01	69.51
23	0.00	0.00	7.73	4.77	8.53	21.03
24	0.10	5.78	9.78	7.27	8.16	31.10
25	0.14	9.76	7.17	7.13	7.41	31.60
26	0.01	3.63	5.73	0.31	78.05	87.73
27	0.04	13.86	20.03	0.14	75.85	109.92
28	8.66	55.18	3.85	5.05	11.36	84.10
29	39.62	37.16	2.67	4.52	14.25	98.22
