23
0	0.05	49.59	0.32	38.99	0.07	89.02
1	0.00	50.32	0.31	42.57	0.00	93.20
2	0.46	48.13	0.26	42.78	0.17	91.81
3	0.15	56.30	1.20	43.73	0.28	101.66
4	0.16	52.97	1.47	34.11	0.19	88.91
5	0.17	53.15	0.91	33.97	0.45	88.64
6	0.26	56.76	2.01	36.46	0.29	95.78
7	0.50	53.61	0.79	24.19	0.13	79.24
8	0.43	55.02	0.94	32.37	0.29	89.05
9	0.39	33.63	2.28	8.86	0.79	45.96
10	0.42	34.60	6.13	8.44	2.28	51.86
11	0.15	29.73	6.89	9.39	2.74	48.90
12	0.13	29.50	2.09	8.29	0.90	40.91
13	0.53	33.01	5.17	8.78	1.00	48.49
14	0.16	30.74	1.15	45.68	0.34	78.06
15	0.05	26.22	1.93	48.93	0.41	77.54
16	0.07	28.94	1.07	48.35	0.22	78.66
17	0.11	28.17	1.34	52.90	0.29	82.81
18	0.01	7.28	0.14	66.84	0.17	74.44
19	0.02	6.62	0.50	51.12	0.57	58.83
20	0.03	11.14	0.61	51.43	0.43	63.65
21	0.08	6.60	4.43	24.67	0.82	36.59
22	0.00	5.42	1.96	20.19	34.57	62.15
23	0.00	0.00	11.47	6.01	1.81	19.29
24	0.30	6.21	5.59	7.11	1.73	20.94
25	0.16	10.57	14.84	8.80	1.96	36.33
26	0.00	19.38	1.97	30.33	59.23	110.91
27	0.00	14.98	1.68	49.17	49.23	115.06
28	9.43	41.58	1.31	23.41	0.75	76.48
29	40.20	41.32	0.84	13.51	2.96	98.83
