20
0	0.11	50.22	1.59	14.55	18.16	84.63
1	0.12	49.54	29.06	1.69	31.18	111.59
2	0.11	52	19.02	18.59	2.11	91.83
3	0.36	54.12	1.59	6.03	15.02	77.12
4	0.4	53.23	24	3.13	21.46	102.37
5	0.43	55.14	21	5.71	12.75	95.31
6	0.66	54.13	0.73	33.17	1.39	90.08
7	1.24	56.53	6.49	2.21	3.87	70.34
8	0.65	53.06	0.86	30	1.24	85.81
9	0.52	30.86	33.9	2.9	16.52	84.7
10	1.19	26.47	2.04	6.56	2.52	38.78
11	0.09	26.17	45.3	3.63	21.89	97.08
12	0.25	28.41	41.95	3.53	18.03	92.17
13	1.56	26.82	6.16	4.91	3.51	42.96
14	0.66	25.24	0.55	46.14	1.01	73.6
15	0.09	24.29	23.12	31.52	1.22	80.24
16	0.17	25.62	24.32	28.91	2.15	81.17
17	0.35	25.34	1.5	47.71	0.57	75.47
18	0.15	3.37	0.22	63.33	0.21	67.28
19	0.32	4.29	1.95	49.03	0.5	56.09
20	0.28	4.59	0.22	51.07	0.42	56.58
21	0.68	5.53	2.08	25.03	1.29	34.61
22	0.08	2.54	62.02	1.72	31.49	97.85
23	0	0	2.24	4.53	3.85	10.62
24	0.96	5.52	2.66	5.83	3.09	18.06
25	0.23	6.69	65.07	4.67	9.78	86.44
26	0	0.15	12.67	0.15	77.28	90.25
27	0.04	2.38	31.58	0.14	75.49	109.63
28	10.11	11.29	0.72	31.39	3.23	56.74
29	47.09	5.12	0.34	19.1	10.4	82.05
