21
0	0.11	55.45	1.15	19.80	4.25	80.76
1	0.12	55.45	1.15	19.80	4.25	80.77
2	0.11	55.45	1.15	19.80	4.25	80.76
3	0.90	58.48	2.27	10.77	4.68	77.10
4	0.00	52.88	1.90	33.80	1.28	89.86
5	0.50	69.87	1.67	5.02	5.76	82.83
6	1.24	49.89	0.42	15.91	1.37	68.83
7	0.00	49.75	0.00	34.00	10.00	93.75
8	1.05	51.84	0.65	19.31	2.38	75.23
9	0.00	19.13	2.11	6.85	0.86	28.93
10	1.36	28.82	0.96	5.51	3.38	40.04
11	0.00	26.57	2.63	6.23	2.95	38.38
12	0.66	29.55	4.51	5.86	3.37	43.96
13	0.91	28.79	2.93	6.71	4.18	43.52
14	0.91	26.64	0.54	38.91	0.84	67.84
15	0.00	26.19	1.82	36.25	1.49	65.76
16	0.45	25.47	2.94	32.24	1.65	62.76
17	0.49	26.47	1.98	37.60	1.99	68.52
18	0.16	4.47	0.39	63.16	0.20	68.37
19	0.11	6.06	0.97	49.04	0.65	56.83
20	0.55	6.20	0.35	49.06	0.32	56.48
21	0.41	8.08	1.36	25.06	1.29	36.19
22	0.00	8.08	1.36	2.00	31.00	42.44
23	0.00	0.00	0.00	4.36	4.59	8.95
24	0.69	8.03	2.18	6.92	2.79	20.61
25	0.00	7.16	2.54	11.98	0.86	22.54
26	0.00	0.00	0.00	0.00	77.00	77.00
27	0.00	0.00	0.00	0.00	75.00	75.00
28	9.51	27.84	2.16	21.61	3.76	64.89
29	43.94	17.81	0.61	19.58	7.66	89.61
