3
0	0.12	62.64	10.71	24.71	3.71	101.89
1	0.17	69.81	9.00	20.63	0.95	100.56
2	0.15	61.52	11.49	31.67	3.14	107.97
3	0.19	56.94	15.80	15.47	7.31	95.72
4	0.30	57.27	13.44	16.93	2.62	90.56
5	0.42	55.22	12.16	14.66	3.54	86.00
6	0.23	62.25	8.54	5.73	13.49	90.24
7	0.10	56.42	8.74	10.48	3.74	79.48
8	0.65	55.01	9.46	14.94	2.33	82.39
9	0.52	29.33	17.48	6.59	11.33	65.24
10	0.21	28.51	25.96	6.67	10.48	71.84
11	0.18	27.78	25.09	4.41	19.18	76.64
12	0.20	28.32	31.77	5.30	15.17	80.77
13	0.21	27.09	28.67	4.45	20.15	80.58
14	0.08	27.86	22.32	32.31	1.09	83.65
15	0.04	27.34	17.71	37.50	0.87	83.46
16	0.15	27.45	19.43	28.82	0.82	76.66
17	0.17	25.82	21.19	24.05	2.82	74.05
18	0.00	5.50	5.36	67.72	0.21	78.79
19	0.02	6.90	11.39	43.46	1.11	62.88
20	0.03	9.41	17.46	42.94	0.45	70.30
21	0.02	5.35	24.57	24.41	4.22	58.56
22	0.03	4.26	40.69	2.35	30.74	78.07
23	0.00	0.00	17.74	5.84	7.38	30.96
24	0.05	5.76	39.98	7.16	12.57	65.53
25	0.24	8.29	17.27	9.26	6.18	41.25
26	0.02	1.04	24.26	0.71	67.76	93.78
27	0.02	3.00	38.62	0.26	59.36	101.26
28	9.15	32.76	18.70	11.15	11.64	83.41
29	42.71	17.18	16.32	8.27	18.95	103.43
