17
0	0.19	60.02	13.14	2.07	27.88	103.31
1	0.28	61.48	17.01	2.25	26.80	107.83
2	0.62	51.24	20.33	1.75	25.95	99.89
3	0.50	62.89	9.70	2.88	24.57	100.53
4	0.60	66.52	10.67	2.90	22.13	102.82
5	0.32	67.34	10.23	3.23	17.36	98.49
6	0.81	63.76	10.90	3.33	23.81	102.60
7	1.02	65.70	11.60	3.91	18.94	101.17
8	1.45	64.18	7.97	6.03	12.05	91.68
9	0.44	29.19	31.64	1.78	29.52	92.56
10	0.77	28.57	23.79	3.25	21.30	77.68
11	0.12	28.49	29.27	1.90	29.45	89.22
12	0.32	28.88	25.74	1.40	30.12	86.46
13	0.40	30.29	27.63	2.05	28.84	89.22
14	0.62	30.98	13.95	32.45	3.36	81.36
15	0.00	33.79	6.39	14.97	18.40	73.55
16	0.14	28.02	31.39	27.21	8.56	95.32
17	0.74	28.03	24.92	31.57	8.13	93.39
18	0.30	2.92	11.81	61.73	1.47	78.23
19	0.16	4.80	15.74	46.50	5.73	72.93
20	0.56	4.88	12.95	47.59	2.65	68.63
21	0.52	6.00	26.24	24.58	6.52	63.84
22	0.19	6.23	40.39	1.19	34.62	82.62
23	0.00	0.00	34.63	2.22	10.78	47.64
24	0.63	6.67	21.93	4.27	12.52	46.03
25	0.94	4.12	16.05	3.04	14.47	38.62
26	0.05	1.05	6.38	0.03	83.53	91.04
27	0.06	2.71	14.82	0.05	79.78	97.42
28	8.92	23.52	17.40	2.33	50.47	102.64
29	40.16	16.40	11.07	0.92	56.13	124.69
