11
0	0.36	66.71	18.62	3.04	26.05	114.77
1	0.20	68.31	13.57	3.90	23.20	109.18
2	0.17	66.20	19.08	4.60	18.81	108.86
3	0.36	70.39	14.36	2.62	27.33	115.06
4	0.44	74.26	9.71	2.77	15.17	102.35
5	0.54	70.88	12.80	4.69	14.89	103.80
6	1.79	63.40	0.61	2.00	6.23	74.03
7	1.09	65.91	3.41	1.77	5.74	77.92
8	0.77	67.59	3.69	3.07	6.59	81.71
9	0.45	30.31	32.03	2.27	26.68	91.74
10	0.28	30.35	44.72	3.85	20.44	99.65
11	0.24	30.51	44.21	2.56	28.49	106.00
12	0.37	30.21	41.68	2.12	31.64	106.02
13	1.68	30.48	11.77	2.65	16.09	62.66
14	0.54	28.82	25.09	21.47	8.45	84.38
15	0.15	31.02	32.05	25.10	12.64	100.97
16	0.08	29.92	28.57	23.29	10.55	92.40
17	0.03	29.92	28.57	23.29	10.55	92.36
18	0.00	0.00	0.00	63.32	1.28	64.60
19	0.04	0.19	4.09	43.96	1.71	49.99
20	0.44	2.35	5.15	41.83	1.33	51.10
21	0.33	3.45	22.61	21.93	5.68	54.01
22	0.31	4.53	49.99	1.67	32.72	89.22
23	0.00	0.00	5.36	2.40	12.15	19.91
24	0.35	4.47	42.35	5.10	12.09	64.36
25	0.61	7.54	27.16	4.03	10.95	50.29
26	0.01	0.09	4.51	0.00	85.38	89.99
27	0.03	1.02	11.47	0.02	83.60	96.15
28	8.63	30.72	14.89	2.39	37.75	94.38
29	38.26	14.67	13.25	2.73	32.86	101.77
