24
0	0.12	58.07	10.28	4.80	8.10	81.37
1	0.11	58.07	10.28	4.80	8.10	81.35
2	0.38	58.07	10.28	4.80	8.10	81.62
3	0.00	60.72	13.89	7.08	13.13	94.81
4	0.01	58.23	9.15	6.39	5.48	79.26
5	0.11	57.50	11.16	5.65	10.61	85.03
6	0.00	58.98	10.83	5.43	10.53	85.77
7	0.01	53.02	11.12	3.01	5.25	72.41
8	0.00	59.96	5.54	1.24	3.57	70.30
9	0.01	28.28	22.26	3.08	2.97	56.60
10	0.24	25.34	22.59	3.56	9.55	61.28
11	0.19	27.68	27.65	3.68	9.99	69.20
12	0.01	28.82	34.45	4.56	15.08	82.93
13	0.02	28.30	31.29	3.51	12.38	75.50
14	0.66	19.27	19.43	17.45	3.08	59.89
15	0.06	24.44	24.49	21.23	7.00	77.23
16	0.00	27.68	24.77	22.30	11.04	85.79
17	0.00	26.38	29.29	23.94	6.89	86.50
18	0.01	0.11	3.50	64.39	0.49	68.51
19	0.02	0.78	11.10	47.52	1.39	60.81
20	0.31	1.33	7.80	48.49	0.78	58.70
21	0.02	1.79	21.39	20.25	6.45	49.89
22	0.00	0.24	35.49	2.03	31.00	68.76
23	0.00	0.00	15.20	6.62	7.76	29.59
24	0.01	1.33	33.69	6.37	11.66	53.07
25	0.05	6.12	37.87	5.45	2.98	52.46
26	0.00	0.00	13.33	0.13	57.46	70.93
27	0.00	0.01	53.97	0.11	59.26	113.35
28	10.57	5.11	26.08	14.12	5.94	61.82
29	43.66	2.36	14.07	11.64	8.47	80.20
