4
0	0.11	53.68	21.97	27.06	0.57	103.39
1	0.14	60.57	15.43	20.90	1.23	98.27
2	0.06	55.21	18.56	28.40	0.59	102.83
3	0.17	56.83	13.68	21.95	0.31	92.94
4	0.24	57.20	12.22	19.57	0.23	89.46
5	0.17	55.88	16.90	22.50	0.15	95.59
6	0.31	55.92	28.71	22.87	2.40	110.21
7	0.42	59.36	26.47	25.63	1.14	113.03
8	0.16	56.86	28.51	21.92	1.40	108.85
9	0.15	30.78	20.65	11.00	3.34	65.92
10	0.62	34.13	32.60	9.56	3.34	80.26
11	0.10	31.71	26.19	9.69	3.89	71.57
12	0.21	33.83	29.47	10.06	1.79	75.35
13	0.77	32.75	36.33	6.03	8.64	84.53
14	0.16	31.12	32.56	32.06	0.48	96.38
15	0.05	29.59	28.60	30.08	0.51	88.83
16	0.20	31.54	27.38	30.24	0.55	89.91
17	0.20	29.08	42.14	34.31	1.44	107.17
18	0.03	1.37	10.68	69.62	0.26	81.95
19	0.05	4.79	20.69	49.80	0.35	75.68
20	0.11	6.16	27.87	49.41	0.17	83.72
21	0.10	7.73	28.98	27.04	0.65	64.50
22	0.00	0.61	15.43	13.24	32.11	61.39
23	0.00	0.00	26.03	5.29	6.20	37.52
24	0.21	7.16	32.57	7.11	3.90	50.94
25	0.34	11.46	47.76	10.83	0.64	71.05
26	0.00	0.12	14.03	15.79	54.83	84.77
27	0.00	24.80	39.04	15.34	57.31	136.49
28	9.16	21.97	25.10	28.20	1.27	85.71
29	39.07	17.30	21.74	21.71	2.72	102.56
