5
0	0.39	53.79	21.95	23.99	0.29	100.40
1	0.22	57.44	14.91	19.03	1.45	93.05
2	0.44	51.71	23.71	39.74	2.47	118.07
3	0.31	59.89	11.19	6.23	2.24	79.86
4	0.64	59.07	13.57	12.76	1.14	87.19
5	0.19	54.93	13.63	11.26	1.24	81.25
6	0.43	59.74	11.68	7.69	0.90	80.44
7	0.34	54.81	10.13	6.92	0.31	72.51
8	0.37	57.34	13.39	5.31	2.16	78.58
9	0.24	25.64	43.01	8.82	2.93	80.63
10	0.27	26.88	25.39	6.11	3.46	62.10
11	0.32	23.45	30.24	8.52	6.28	68.81
12	0.19	28.52	27.97	5.97	3.66	66.31
13	0.38	27.78	28.18	5.03	1.75	63.11
14	0.24	25.53	28.01	29.86	1.21	84.85
15	0.21	24.39	35.96	31.46	1.06	93.09
16	0.22	25.66	28.18	25.24	1.51	80.81
17	0.34	26.49	26.92	24.93	0.62	79.30
18	0.01	0.70	4.23	68.45	0.17	73.57
19	0.09	2.94	20.19	46.69	1.00	70.90
20	0.11	4.90	22.25	47.24	1.03	75.53
21	0.15	3.33	34.93	23.06	1.77	63.24
22	0.09	1.25	40.74	3.67	30.87	76.62
23	0.00	0.00	23.76	6.22	7.42	37.39
24	0.15	4.33	34.78	7.40	7.36	54.02
25	0.12	4.25	62.07	9.89	3.54	79.86
26	0.04	0.45	9.40	0.55	76.67	87.11
27	0.06	0.46	40.81	0.85	62.48	104.65
28	8.85	13.42	27.07	14.64	11.75	75.72
29	40.81	8.79	17.44	8.96	16.90	92.90
