16
0	0.52	59.78	18.06	15.56	6.61	100.53
1	0.29	58.48	17.01	9.21	8.01	93.00
2	0.00	57.11	21.27	10.84	13.69	102.90
3	0.05	56.10	18.97	10.00	7.94	93.07
4	0.08	60.31	12.40	4.63	11.48	88.90
5	0.20	58.69	18.69	7.05	8.01	92.64
6	0.08	57.81	15.12	8.90	4.15	86.07
7	1.19	58.48	17.01	9.21	8.01	93.90
8	0.22	59.56	14.56	7.47	4.17	85.98
9	0.37	26.65	20.91	3.34	13.66	64.92
10	0.57	30.15	25.63	4.35	10.70	71.40
11	0.38	27.59	37.10	5.23	12.73	83.03
12	0.09	31.61	24.30	5.58	9.27	70.84
13	0.26	31.70	18.20	6.00	4.46	60.63
14	0.43	28.14	16.40	31.94	3.56	80.45
15	0.38	27.38	23.13	30.67	4.17	85.73
16	0.07	28.35	14.72	31.40	2.08	76.62
17	0.36	29.91	12.83	31.58	1.95	76.62
18	0.03	0.72	0.63	62.13	0.29	63.79
19	0.03	0.82	1.01	46.51	1.09	49.46
20	0.44	3.49	5.89	48.82	1.17	59.80
21	0.02	0.67	1.32	23.34	3.96	29.31
22	0.02	0.47	6.31	2.16	29.15	38.11
23	0.00	0.00	0.03	5.03	11.10	16.16
24	0.05	1.54	5.02	7.06	9.36	23.04
25	0.38	9.85	36.83	5.19	10.32	62.58
26	0.00	0.10	0.78	0.78	64.71	66.36
27	0.11	5.60	35.28	1.95	52.83	95.76
28	9.02	23.42	14.23	20.20	6.30	73.17
29	34.73	20.14	11.12	15.57	6.79	88.35
