14
0	0.08	55.69	27.36	7.12	14.98	105.23
1	0.07	52.48	30.53	6.12	13.61	102.81
2	0.00	55.54	28.65	6.23	15.16	105.57
3	0.11	61.09	22.10	5.58	14.64	103.52
4	0.02	64.20	20.60	5.11	13.04	102.97
5	0.04	59.66	20.76	7.27	8.86	96.59
6	0.20	58.85	25.63	6.51	11.73	102.92
7	0.07	69.22	16.71	10.05	7.81	103.86
8	0.00	56.01	20.61	7.81	6.74	91.16
9	0.07	26.77	43.99	6.64	11.81	89.28
10	0.19	28.48	34.27	8.15	8.76	79.85
11	0.10	25.75	40.55	6.93	12.90	86.22
12	0.17	27.47	41.51	6.34	13.60	89.09
13	0.25	26.19	40.17	8.47	7.88	82.95
14	0.09	25.07	27.08	19.68	3.79	75.71
15	0.02	22.66	46.47	23.99	1.77	94.92
16	0.09	23.81	42.70	21.14	4.76	92.50
17	0.03	24.06	45.64	21.44	2.66	93.83
18	0.01	0.95	11.87	63.19	0.07	76.08
19	0.02	3.37	29.29	40.55	0.25	73.48
20	0.07	5.22	22.72	42.96	0.98	71.94
21	0.04	4.62	41.12	22.61	1.49	69.89
22	0.04	1.72	54.07	1.42	29.03	86.29
23	0.00	0.00	12.96	4.30	10.40	27.66
24	0.05	3.31	32.98	6.76	8.38	51.47
25	0.04	6.46	48.22	7.05	7.81	69.58
26	0.00	0.18	38.34	0.15	73.30	111.98
27	0.01	0.71	50.49	0.12	64.43	115.76
28	8.84	10.78	35.21	10.06	10.16	75.04
29	41.83	8.58	22.57	7.05	12.09	92.13
