22
0	0.25	48.67	0.95	20.47	1.27	71.62
1	0.13	47.69	1.48	25.05	1.52	75.87
2	0.37	49.89	0.38	17.21	1.37	69.22
3	0.33	48.93	2.12	11.65	6.65	69.69
4	0.21	54.68	0.89	12.49	5.05	73.30
5	0.39	52.44	1.07	16.32	1.81	72.03
6	0.29	49.97	0.97	9.89	2.63	63.76
7	0.92	57.31	1.60	8.98	1.71	70.53
8	0.78	61.73	0.71	12.87	0.55	76.65
9	0.87	31.70	1.84	6.51	3.63	44.56
10	0.55	33.88	0.97	8.02	1.66	45.08
11	0.21	34.81	2.02	8.33	2.03	47.40
12	0.42	31.62	2.92	6.86	3.98	45.81
13	0.34	35.50	1.97	5.84	2.96	46.61
14	0.24	29.79	0.78	33.61	0.38	64.80
15	0.10	28.56	0.43	43.73	0.23	73.05
16	0.15	25.89	1.81	38.33	0.45	66.63
17	0.16	28.19	1.68	38.15	0.77	68.95
18	0.01	5.96	0.53	65.16	0.07	71.73
19	0.04	5.32	1.76	48.37	0.14	55.62
20	0.07	7.72	0.67	47.50	0.26	56.23
21	0.15	6.73	2.55	25.49	0.55	35.46
22	0.17	4.18	2.04	9.37	31.43	47.19
23	0.00	0.00	2.29	4.69	3.16	10.14
24	0.39	8.34	2.54	7.76	2.67	21.71
25	0.22	7.47	2.38	6.31	1.50	17.87
26	0.59	13.02	0.42	5.13	55.83	75.00
27	0.05	16.94	2.25	17.63	55.10	91.97
28	8.52	32.98	1.80	16.24	2.41	61.95
29	41.04	26.52	1.41	11.51	7.29	87.77
