15
0	0.02	61.88	17.80	4.22	15.01	98.94
1	0.29	60.47	18.55	2.82	19.92	102.05
2	0.00	60.47	18.55	2.82	19.92	101.76
3	0.03	60.86	16.32	3.85	16.98	98.03
4	0.79	58.79	17.89	1.80	25.16	104.43
5	0.20	60.47	18.55	2.82	19.92	101.96
6	1.39	60.27	21.26	1.70	23.49	108.12
7	1.19	60.54	19.48	2.53	18.96	102.70
8	0.22	60.47	18.55	2.82	19.92	101.98
9	0.70	25.76	49.05	1.87	25.05	102.43
10	0.18	23.69	21.14	6.85	10.84	62.69
11	0.07	26.18	36.07	3.05	18.74	84.10
12	0.07	27.15	30.68	3.15	19.55	80.60
13	0.86	28.18	40.83	1.69	26.87	98.43
14	0.43	22.93	28.82	25.76	9.66	87.60
15	0.10	24.98	32.84	20.13	5.59	83.63
16	0.06	26.69	21.94	20.37	10.56	79.62
17	0.00	17.11	31.68	36.79	12.83	98.42
18	0.03	1.00	1.00	75.00	1.00	78.03
19	0.19	3.27	18.66	43.17	4.30	69.60
20	0.02	3.27	18.66	43.17	4.30	69.42
21	0.12	5.80	29.63	21.81	7.65	65.02
22	0.04	2.90	66.85	1.44	31.60	102.83
23	0.00	0.00	24.17	5.10	10.77	40.04
24	0.12	7.43	44.82	4.06	13.88	70.32
25	0.34	9.53	48.97	3.25	14.86	76.95
26	0.03	0.87	43.49	0.19	74.51	119.10
27	0.03	1.07	56.48	0.13	69.89	127.59
28	9.56	27.91	39.22	2.65	28.15	107.50
29	36.31	37.51	22.02	2.89	21.95	120.67
