10
0	0.24	53.72	16.56	4.56	14.66	89.75
1	0.22	57.44	20.26	4.91	11.93	94.76
2	0.40	58.37	5.51	23.07	2.08	89.44
3	0.27	56.38	8.89	3.15	18.84	87.54
4	0.24	57.35	7.55	4.17	16.11	85.41
5	0.27	54.27	7.59	6.59	17.03	85.75
6	0.59	52.30	2.56	6.48	20.23	82.16
7	0.72	55.78	0.49	4.28	22.09	83.36
8	0.31	56.29	4.48	5.97	12.74	79.79
9	0.22	27.56	17.01	4.17	27.69	76.65
10	0.28	28.98	10.10	4.74	31.86	75.96
11	0.07	26.71	29.42	2.53	24.66	83.39
12	0.23	29.10	16.17	2.70	31.53	79.73
13	0.58	35.40	3.48	4.07	31.03	74.56
14	0.17	27.48	4.80	27.69	15.16	75.30
15	0.09	28.07	12.58	26.77	11.53	79.04
16	0.31	26.54	7.73	24.61	15.64	74.83
17	0.31	31.43	6.41	25.05	10.55	73.75
18	0.10	2.88	1.75	62.88	6.50	74.11
19	0.20	4.90	4.44	46.31	15.27	71.12
20	0.19	5.10	2.53	47.63	13.88	69.33
21	0.15	6.61	5.48	21.99	31.92	66.15
22	0.08	7.66	28.91	1.75	38.59	77.00
23	0.00	0.00	3.37	4.11	76.91	84.39
24	0.14	8.66	13.35	5.73	35.74	63.63
25	0.12	8.45	12.15	6.36	35.90	62.99
26	0.21	10.14	33.57	1.50	52.74	98.15
27	0.12	18.95	25.00	0.28	44.78	89.14
28	9.49	29.86	9.43	11.35	21.12	81.24
29	37.90	20.36	6.42	9.69	12.60	86.96
