9
0	0.31	61.95	14.62	6.98	5.33	89.19
1	0.26	54.02	10.76	9.98	6.13	81.15
2	0.48	60.33	13.48	7.75	5.63	87.67
3	0.25	60.18	12.43	9.17	4.88	86.91
4	0.53	60.37	20.44	5.35	7.70	94.38
5	0.25	54.19	8.88	12.23	2.19	77.75
6	0.20	53.69	11.69	13.67	2.01	81.26
7	0.00	51.82	17.55	3.42	2.57	75.36
8	0.33	50.06	12.04	13.24	1.73	77.40
9	0.48	31.93	14.09	7.70	1.57	55.78
10	0.38	34.03	12.79	6.30	1.38	54.88
11	0.68	35.54	12.11	5.76	6.75	60.85
12	0.33	32.03	13.63	6.66	3.45	56.09
13	0.21	31.46	14.35	6.27	1.21	53.50
14	0.34	30.96	12.21	32.27	1.03	76.80
15	1.10	35.26	7.33	27.38	3.85	74.93
16	0.14	28.87	10.46	34.32	0.85	74.64
17	0.23	28.46	12.72	33.89	0.78	76.08
18	0.14	4.12	3.47	62.33	0.37	70.43
19	0.08	7.70	5.92	48.56	0.54	62.80
20	0.22	8.30	7.89	47.31	0.75	64.46
21	0.16	10.21	9.04	25.18	1.01	45.60
22	0.39	2.28	18.92	4.89	28.19	54.68
23	0.00	0.00	19.92	4.62	10.25	34.80
24	0.38	8.83	13.78	6.85	3.95	33.80
25	0.00	7.58	18.57	12.41	0.43	38.99
26	0.73	16.71	0.00	6.63	50.05	74.12
27	0.00	45.92	9.19	3.71	49.91	108.73
28	8.98	42.40	10.86	14.23	4.17	80.64
29	37.33	26.33	8.06	10.15	6.10	87.97
