2
0	0.05	18.97	26.01	4.49	4.87	54.39
1	0.17	39.07	14.68	4.25	9.20	67.36
2	0.15	39.07	14.68	4.25	9.20	67.34
3	0.07	42.76	18.06	3.61	14.25	78.75
4	0.04	41.90	18.38	1.64	18.44	80.40
5	0.04	41.63	17.00	3.64	9.58	71.88
6	0.22	42.78	8.51	7.06	4.98	63.54
7	0.27	42.68	10.34	3.62	9.95	66.85
8	0.21	42.75	4.46	5.67	2.36	55.46
9	0.29	24.99	34.14	3.32	11.63	74.37
10	0.35	25.65	19.75	6.66	4.62	57.03
11	0.09	21.52	53.57	2.42	18.36	95.96
12	0.06	25.67	44.46	2.65	19.82	92.67
13	0.26	25.65	29.47	5.71	8.64	69.74
14	0.28	25.62	11.10	30.70	0.41	68.11
15	0.00	19.87	20.31	23.42	8.24	71.84
16	0.18	25.63	22.47	25.70	3.44	77.42
17	0.24	25.66	12.30	31.10	0.76	70.06
18	0.13	17.09	1.54	63.25	0.31	82.32
19	0.14	17.11	3.55	47.45	1.49	69.75
20	0.17	17.11	3.88	47.43	0.19	68.78
21	0.11	17.11	8.66	24.18	4.71	54.77
22	0.05	17.10	50.01	2.48	30.76	100.41
23	0.00	0.00	0.16	4.65	9.91	14.73
24	0.13	17.11	38.15	6.43	11.60	73.43
25	0.18	16.04	45.84	3.73	8.27	74.06
26	0.05	78.07	32.05	0.74	67.06	177.97
27	0.06	84.93	54.41	0.20	61.28	200.87
28	9.70	85.56	11.68	21.21	6.88	135.03
29	45.95	77.57	5.76	15.79	8.27	153.34
