7
0	0.69	56.39	1.13	11.79	7.44	77.44
1	0.72	56.51	9.69	8.36	10.35	85.63
2	0.26	56.64	6.74	2.14	22.67	88.46
3	0.13	61.13	9.10	5.16	17.05	92.56
4	0.09	59.61	15.95	6.44	8.57	90.66
5	0.12	57.53	11.49	5.96	13.31	88.41
6	0.43	59.05	9.94	11.24	5.06	85.72
7	0.64	57.90	14.54	10.39	2.04	85.51
8	0.48	58.66	8.61	10.70	2.92	81.36
9	0.45	27.59	33.16	5.95	1.82	68.96
10	0.47	30.62	12.63	6.06	7.69	57.47
11	0.90	27.94	3.91	5.25	13.09	51.09
12	0.28	30.44	13.72	4.95	13.62	63.00
13	0.63	30.81	16.15	6.19	3.69	57.47
14	0.53	28.82	14.28	27.82	2.39	73.84
15	0.00	27.13	0.26	31.15	1.01	59.56
16	0.19	27.05	10.77	27.92	3.73	69.66
17	0.53	27.84	14.49	34.17	1.13	78.16
18	0.25	2.84	5.93	62.25	0.43	71.70
19	0.15	2.60	6.95	46.12	0.82	56.64
20	0.25	4.90	11.29	46.08	1.16	63.68
21	0.12	3.16	9.12	24.07	2.37	38.84
22	0.05	0.98	5.40	5.79	29.53	41.75
23	0.00	0.00	0.78	5.99	8.81	15.58
24	0.25	4.52	10.05	6.77	5.58	27.17
25	0.25	8.15	36.93	6.64	1.77	53.74
26	0.00	0.11	1.56	1.17	75.24	78.09
27	0.14	6.60	7.89	2.06	59.46	76.15
28	9.75	28.75	11.67	17.89	3.03	71.09
29	39.31	19.08	8.34	14.15	4.46	85.34
