13
0	0.18	60.86	10.73	13.53	10.59	95.89
1	0.36	64.98	6.29	7.87	13.06	92.55
2	0.32	60.26	3.22	16.14	2.95	82.88
3	0.28	57.40	9.28	17.20	8.81	92.98
4	0.32	54.80	6.65	16.51	8.09	86.36
5	0.26	71.13	4.33	18.14	1.37	95.23
6	0.00	56.02	18.00	0.09	37.53	111.65
7	0.00	46.65	8.58	0.14	35.37	90.74
8	0.39	59.01	8.39	11.20	14.72	93.71
9	0.15	26.76	19.28	2.70	18.10	66.99
10	0.20	28.25	15.52	6.42	7.77	58.16
11	0.12	26.76	24.12	5.60	11.15	67.76
12	0.04	23.25	19.29	1.81	24.10	68.49
13	0.02	23.25	13.80	0.06	36.47	73.60
14	0.37	29.60	12.43	24.07	0.96	67.43
15	0.14	27.22	21.25	24.77	0.54	73.91
16	0.08	25.82	16.00	31.87	0.24	74.00
17	0.03	27.54	16.56	26.90	0.58	71.62
18	0.02	0.25	0.10	67.34	0.04	67.75
19	0.05	2.68	3.45	44.75	0.11	51.04
20	0.12	4.42	6.82	44.88	0.60	56.85
21	0.08	5.17	14.77	23.72	0.46	44.20
22	0.03	9.13	41.12	0.40	30.67	81.36
23	0.00	0.00	2.26	7.11	2.81	12.18
24	0.05	6.08	33.44	6.85	5.88	52.29
25	0.11	9.89	34.65	3.56	12.06	60.27
26	0.00	0.14	3.20	0.00	84.76	88.10
27	0.01	3.79	21.03	0.01	75.99	100.82
28	8.52	24.86	9.12	20.32	6.30	69.12
29	38.98	16.65	8.64	9.97	11.90	86.14
